3.08143 0.5561521 0.9188883 0.4685223
3.093195 0.5542378 0.9180251 0.4676811
3.105004 0.5523822 0.9156926 0.4672321
3.116109 0.5520352 0.9139729 0.4675286
3.12678 0.5533832 0.9135827 0.4675286
3.137707 0.5552689 0.9137075 0.4674768
3.149177 0.5617171 0.9154932 0.4684305
3.161186 0.574603 0.9183165 0.470984
3.17088 0.5885221 0.9203157 0.4749882
3.18261 0.6140278 0.919828 0.4842608
3.19387 0.6331437 0.9193166 0.4913173
3.205029 0.6574696 0.9178756 0.5003968
3.215856 0.6840349 0.9179996 0.5102637
3.227736 0.713652 0.9191395 0.5199275
3.241179 0.7424546 0.920257 0.5290653
3.252346 0.7768369 0.9212739 0.5395777
3.261183 0.8128675 0.920893 0.5498307
3.271451 0.8483367 0.9177858 0.56029
3.284145 0.8820686 0.9137717 0.5692679
3.293954 0.9142238 0.9100045 0.5771434
3.305322 0.9441157 0.9051999 0.5837055
3.316358 0.9726304 0.9023638 0.5880418
3.327516 0.9997902 0.8993477 0.5915927
3.339045 1.024915 0.8955015 0.5949017
3.349913 1.044548 0.8926289 0.5955086
3.361159 1.064199 0.8907188 0.5975128
3.373896 1.079018 0.8891544 0.5976764
3.383644 1.090054 0.8890828 0.5974675
3.394795 1.096976 0.8876116 0.5986169
3.406445 1.105871 0.885419 0.5993528
3.417136 1.120939 0.8938731 0.5753868
3.428288 1.126263 0.8912909 0.575406
3.439579 1.123492 0.8913541 0.5744801
3.450791 1.111364 0.8817217 0.5949332
3.461792 1.103339 0.8852776 0.5954929
3.473132 1.091735 0.8863763 0.5963382
3.48451 1.086299 0.8878623 0.5936583
3.495424 1.074268 0.8877143 0.5951742
3.506937 1.063089 0.8864331 0.5948628
3.517815 1.053135 0.8881259 0.5878792
3.529289 1.04118 0.8868954 0.5868954
3.540279 1.025033 0.8845455 0.584612
3.551271 1.011639 0.884701 0.5701889
3.5624 0.9922599 0.8800633 0.5651599
3.574068 0.9670575 0.873485 0.5590624
3.584759 0.9417042 0.8683059 0.5488002
3.596053 0.9086152 0.8595166 0.5396062
3.607093 0.8736884 0.8469099 0.5299089
3.618519 0.8389804 0.8324369 0.5188423
3.629553 0.8052264 0.8194378 0.5067319
3.640872 0.777933 0.8061094 0.4938678
3.651842 0.7512054 0.7973199 0.4745717
3.663687 0.7321527 0.7873383 0.461437
3.674053 0.7064356 0.774654 0.4482017
3.685298 0.6757947 0.7616826 0.4353113
3.696797 0.6478984 0.7507809 0.4182286
3.708926 0.6180217 0.7398985 0.4035911
3.718613 0.5996758 0.7356449 0.3917957
3.729403 0.5787808 0.7278856 0.3798295
3.741412 0.5688573 0.7215605 0.3721043
3.752148 0.5697288 0.7174431 0.3703415
3.763636 0.553701 0.7078469 0.3617066
3.775274 0.5481976 0.7009494 0.3566547
3.785765 0.5514987 0.6970257 0.3559132
3.797113 0.5587654 0.6942922 0.3557568
3.808246 0.5718825 0.690594 0.3579237
3.819582 0.581582 0.6875196 0.3581411
3.830212 0.6008989 0.6869262 0.3646657
3.841424 0.6244612 0.688158 0.3705207
3.852712 0.6470329 0.691792 0.3757976
3.864636 0.6701786 0.696889 0.3830299
3.875548 0.6953959 0.7017963 0.3897885
3.886117 0.7281682 0.7079847 0.3989287
3.916318 0.7629375 0.7129717 0.4122723
3.926049 0.8411192 0.7209126 0.4366652
3.939855 0.9337164 0.7211908 0.4616733
3.950831 0.9811774 0.7225488 0.4721791
3.96206 1.025089 0.7231471 0.4807652
3.9734 1.075328 0.7247905 0.4870184
3.984097 1.124278 0.7261176 0.4908727
3.995457 1.171456 0.7255304 0.4922898
4.008373 1.214589 0.7227803 0.4931477
4.017936 1.248047 0.7150959 0.49354
4.029207 1.2743 0.7073162 0.4927245
4.040031 1.288684 0.7033971 0.4926355
4.051824 1.295829 0.700772 0.4902191
4.062448 1.300529 0.6989388 0.4905264
4.073748 1.297171 0.6949781 0.4907896
4.084963 1.292697 0.6873333 0.4899554
4.098957 1.278946 0.6789269 0.4912153
4.10791 1.266545 0.6724191 0.4921314
4.118549 1.257187 0.6698951 0.4921624
