6.258834 0.6109319 0.9467166 0.4784093
6.291247 0.6214988 0.9474561 0.4812955
6.303901 0.639118 0.949099 0.485565
6.315075 0.6525741 0.9502153 0.4889591
6.326479 0.6649914 0.9514679 0.491868
6.337124 0.6871175 0.9514897 0.4977214
6.348666 0.7064572 0.9503886 0.5032547
6.359562 0.731086 0.9502552 0.5094206
6.37555 0.7600724 0.9505947 0.5152571
6.386554 0.7910793 0.9505504 0.5220418
6.396823 0.8197637 0.9507386 0.5275927
6.405105 0.8526318 0.9517695 0.5325989
6.415411 0.8855262 0.9513839 0.5381465
6.426487 0.9171484 0.9516575 0.5431437
6.438152 0.9517837 0.9506624 0.5473427
6.448936 0.9860297 0.9489059 0.5506583
6.459872 1.017879 0.9476302 0.5533177
6.471201 1.051671 0.9465928 0.5541816
6.483081 1.082307 0.9463596 0.5546224
6.493303 1.112045 0.9493952 0.5523586
6.504751 1.141202 0.952847 0.5482932
6.516162 1.167823 0.9554493 0.5457981
6.531117 1.187481 0.9577093 0.5413358
6.542535 1.205453 0.9590834 0.5393137
6.551013 1.215495 0.9574761 0.5378946
6.56054 1.217225 0.9551439 0.5376294
6.571596 1.215919 0.9527814 0.538084
6.583061 1.199306 0.9517742 0.5375462
6.594362 1.191203 0.9518417 0.5361434
6.6051 1.173636 0.9519344 0.5344128
6.616543 1.154889 0.9504912 0.5330776
6.627681 1.13425 0.946076 0.532071
6.638636 1.117194 0.9407158 0.5299366
6.64987 1.092231 0.933888 0.5293021
6.661697 1.065395 0.9253396 0.5271648
6.672563 1.039067 0.9178864 0.5228479
6.687441 1.009752 0.9089152 0.5192432
6.698668 0.9815024 0.8995891 0.5151829
6.707068 0.949469 0.8907672 0.5074266
6.717076 0.9187486 0.8830804 0.5005788
6.728512 0.8865947 0.8753148 0.4918478
6.740294 0.8550902 0.8662495 0.4820796
6.750247 0.8226225 0.8545232 0.4734826
6.761426 0.7886657 0.8430187 0.4643086
6.772687 0.7553633 0.8310583 0.4537202
6.784061 0.7229149 0.8203477 0.4433631
6.795148 0.6918966 0.8127615 0.4320469
6.80598 0.6592014 0.8039809 0.4209073
6.817384 0.6309209 0.795283 0.4118008
6.83011 0.6025676 0.7856817 0.4017299
6.839447 0.5732691 0.7755818 0.3921739
6.850721 0.5497252 0.7655548 0.3842811
6.862221 0.5277529 0.7564133 0.3769436
6.875005 0.5118801 0.7477297 0.3715507
6.884694 0.4946401 0.7392924 0.36586
6.89592 0.4852336 0.7336479 0.3622105
6.906885 0.4797009 0.7304811 0.3599505
6.919523 0.4828103 0.7305329 0.3602763
6.930861 0.4945027 0.7344339 0.3626854
6.941788 0.5009742 0.7339035 0.3642535
6.953316 0.519752 0.7355238 0.3695369
6.966197 0.5440257 0.7358435 0.3762599
6.975577 0.5665427 0.7351272 0.3827773
6.987255 0.5977101 0.7357321 0.3919918
6.998749 0.6312833 0.7363338 0.4014421
7.009471 0.6658941 0.7374013 0.4109023
7.021662 0.7002848 0.7376907 0.4202816
7.03192 0.7377099 0.737963 0.42939
7.042745 0.7732738 0.7380403 0.4375064
7.054098 0.8131807 0.7394903 0.4455711
7.066243 0.8535549 0.7424894 0.4517962
7.076177 0.8960441 0.744862 0.456897
7.087901 0.9365995 0.745019 0.4619054
7.099442 0.9820622 0.7445679 0.4650085
7.110825 1.026989 0.7419833 0.467339
7.121666 1.070302 0.7393272 0.4671518
7.132798 1.111725 0.7382674 0.4654647
7.14426 1.15074 0.7390468 0.4640055
7.158064 1.187611 0.7405558 0.4605769
7.169078 1.222757 0.7423452 0.4562234
7.177929 1.241819 0.7339878 0.4557579
7.188665 1.261997 0.7300493 0.4510637
7.199501 1.281663 0.7354849 0.4489433
7.210901 1.280759 0.738524 0.4492487
7.222265 1.271057 0.7351291 0.4513053
7.233165 1.258243 0.7319117 0.4527398
7.24437 1.243217 0.7330559 0.4551852
7.255391 1.233202 0.7336356 0.4564517
7.266637 1.227614 0.7325577 0.4563523
7.278045 1.224346 0.7355827 0.4546303
7.289482 1.214801 0.7363665 0.4565712
7.300966 1.20576 0.7345459 0.4571735
