5.83516 0.5332924 0.9426404 0.443854
5.84674 0.5390324 0.9427418 0.4464417
5.85808 0.54581 0.9420508 0.4493766
5.869017 0.5538043 0.9410399 0.4530458
5.881837 0.564035 0.9396287 0.4582962
5.891453 0.5764739 0.9387773 0.4640473
5.902817 0.5892122 0.9387207 0.4693195
5.913589 0.6072487 0.938196 0.4776089
5.931103 0.6281333 0.9367619 0.4876138
5.94063 0.6525548 0.9342965 0.4994402
5.956218 0.7036254 0.9292434 0.5241275
5.966967 0.7306274 0.9276685 0.5374686
5.978436 0.7567928 0.9263293 0.5492558
5.99276 0.7874758 0.9278234 0.5603002
6.003675 0.814737 0.928004 0.5706439
6.012406 0.8443633 0.9281728 0.5808403
6.023022 0.8746572 0.9278792 0.5903544
6.033864 0.9028431 0.9270828 0.598887
6.045057 0.9316145 0.9282548 0.6043895
6.056371 0.958644 0.9313595 0.607327
6.06743 0.9829958 0.9358731 0.608576
6.078683 1.006859 0.9393016 0.6090415
6.09003 1.026537 0.9433918 0.6067115
6.100923 1.046982 0.9448627 0.6060935
6.112063 1.064631 0.94625 0.6034442
6.123917 1.081376 0.9461125 0.6016598
6.134879 1.089878 0.9447225 0.6004622
6.145532 1.093707 0.9440324 0.5989244
6.156865 1.092989 0.9435943 0.5966579
6.167828 1.088553 0.9448622 0.5945262
6.179321 1.086368 0.9466879 0.5913273
6.190372 1.075869 0.9476331 0.5876741
6.20158 1.069637 0.9485515 0.5851616
6.212496 1.059004 0.9492159 0.5821219
6.223818 1.047033 0.9473919 0.5790293
6.235226 1.036582 0.945753 0.5763599
6.246192 1.021354 0.9418321 0.5732191
6.257486 1.004639 0.9358817 0.5696747
6.268456 0.9875209 0.9296013 0.5655828
6.279488 0.9678502 0.9227431 0.5612589
6.291494 0.9486396 0.9168949 0.555505
6.302217 0.9262998 0.9110692 0.5483436
6.313197 0.9039079 0.9054186 0.5396804
6.324243 0.881965 0.8993984 0.5304216
6.3354 0.8599867 0.8912749 0.5213503
6.346708 0.8367229 0.8822033 0.5117688
6.358455 0.8093549 0.8679006 0.5017991
6.369071 0.7812752 0.8555213 0.4910097
6.380087 0.7530811 0.8431365 0.4794114
6.391936 0.7276796 0.8331569 0.4668599
6.403163 0.7043056 0.8234878 0.4542133
6.41448 0.6880131 0.8146324 0.4438364
6.425999 0.6655434 0.8030232 0.4325862
6.437773 0.6428145 0.7882568 0.4210205
6.449184 0.6204797 0.7750402 0.4108515
6.460311 0.5991136 0.7650002 0.3999437
6.472047 0.5773376 0.7541791 0.3898444
6.483102 0.562467 0.7446098 0.3823673
6.494684 0.543579 0.7345001 0.3743482
6.523798 0.5328439 0.7266578 0.3691044
6.532519 0.5231312 0.7194139 0.3633817
6.540745 0.5188098 0.716801 0.3611335
6.548766 0.5182076 0.7147066 0.3599038
6.559063 0.529896 0.7172143 0.3630818
6.570018 0.5342938 0.7157224 0.3652359
6.581342 0.5452176 0.7157372 0.3691553
6.592844 0.5549149 0.716351 0.3727358
6.60404 0.5649097 0.7160622 0.3761165
6.614999 0.579949 0.7162985 0.381426
6.625737 0.5990658 0.7174526 0.3884441
6.637027 0.6213691 0.7195292 0.3969587
6.648214 0.6465536 0.721287 0.4061061
6.659627 0.6700358 0.7225945 0.4148512
6.670527 0.7003381 0.7227604 0.4259517
6.681785 0.731411 0.722104 0.4380852
6.692984 0.7628525 0.721155 0.4498729
6.704015 0.7937363 0.7192991 0.462381
6.71516 0.822931 0.7186422 0.4731626
6.727037 0.8549898 0.7192274 0.4840017
6.737577 0.8877439 0.7209358 0.4944421
6.748742 0.921718 0.7243229 0.5037875
6.760057 0.9554124 0.7280209 0.5118362
6.77165 0.9918336 0.7316678 0.519284
6.782219 1.032082 0.7341383 0.5247925
6.793603 1.069734 0.7345169 0.5285267
6.804998 1.103061 0.7348087 0.5315685
6.815797 1.131598 0.7353408 0.5333879
6.826835 1.15671 0.7366877 0.5349133
6.838325 1.176656 0.7392367 0.5350232
6.849241 1.196954 0.7428829 0.5325061
6.860558 1.215435 0.7450275 0.5292559
6.871838 1.231732 0.7461383 0.5269917
6.882817 1.240858 0.7418738 0.5245687
6.893963 1.239948 0.7355386 0.524685
6.90551 1.226124 0.730153 0.5276821
6.916599 1.209055 0.7269995 0.5313656
6.933097 1.198011 0.7236329 0.5329106
6.940856 1.182602 0.7221624 0.5349815
6.9499 1.175703 0.7220302 0.5356809
6.961148 1.170045 0.7235444 0.5354448
