211.6625 0.4524282 0.5833629 0.5262955
211.6735 0.451398 0.5836214 0.5249912
211.6844 0.4480745 0.5846816 0.5231263
211.6954 0.4443377 0.5850399 0.5212999
211.7064 0.4420924 0.5856355 0.5191195
211.7179 0.4411219 0.5858449 0.5174363
211.7289 0.4422569 0.5866178 0.5156434
211.7409 0.4445785 0.587056 0.5153693
211.753 0.4462972 0.587333 0.5151088
211.763 0.4469289 0.5874376 0.5150921
211.7737 0.4479959 0.5869972 0.5163345
211.7845 0.4484951 0.5866688 0.5175449
211.7962 0.449256 0.5863155 0.5185533
211.8066 0.4496632 0.586221 0.5199464
211.8179 0.4502721 0.5859913 0.5209251
211.829 0.4518367 0.5861129 0.5217652
211.8405 0.4536989 0.5863267 0.5228158
211.8519 0.455754 0.5866822 0.524066
211.8622 0.4587623 0.587153 0.5256966
211.8733 0.4628825 0.5876313 0.5272945
211.8843 0.4670772 0.5880613 0.5289378
211.8956 0.4726843 0.5887151 0.5309097
211.9067 0.4790282 0.5889556 0.5328025
211.9177 0.4855361 0.589386 0.5340924
211.9291 0.4928526 0.5902405 0.5351575
211.9399 0.500925 0.5906587 0.5356427
211.9513 0.5105304 0.5911891 0.5367274
211.9624 0.5197413 0.5912794 0.5376493
211.9741 0.5311356 0.5910374 0.5393243
211.9853 0.5428647 0.5900744 0.5417469
211.9971 0.555758 0.5886142 0.5443965
212.0078 0.5691018 0.5866646 0.5479425
212.0197 0.5830888 0.5848547 0.5500323
212.0314 0.5969747 0.5835835 0.5519714
212.0429 0.6122034 0.5817835 0.5527803
212.0543 0.628463 0.5798681 0.5538132
212.0654 0.6399742 0.5808708 0.5549313
212.0766 0.6589141 0.5766175 0.5532164
212.087 0.6776134 0.5735041 0.5519886
212.0986 0.6954083 0.5705761 0.5495724
212.1093 0.7130651 0.5670772 0.5490442
212.1207 0.7292043 0.5640588 0.5465194
212.1326 0.7466049 0.5604545 0.5444945
212.1429 0.7632183 0.5570122 0.5415174
212.1534 0.7817536 0.5533602 0.5389078
212.1657 0.8005985 0.5492609 0.5355229
212.176 0.817782 0.5454643 0.5328787
212.1871 0.8364891 0.5413428 0.5300053
212.1987 0.8496099 0.5384974 0.528061
212.2095 0.8610091 0.5359496 0.5253223
212.2206 0.8682255 0.5355964 0.5227802
212.231 0.8789773 0.5355405 0.5178482
212.2419 0.8808277 0.5363554 0.5156793
212.2531 0.882612 0.5360591 0.5149148
212.2656 0.8838363 0.5344353 0.5139253
212.2759 0.8852577 0.5317307 0.5147586
212.287 0.8800842 0.5308258 0.5174558
212.2984 0.8713905 0.5287706 0.5200418
212.3093 0.8646086 0.5275142 0.5213803
212.3205 0.8533391 0.5259589 0.5236554
212.3317 0.845769 0.524137 0.5249638
212.3421 0.8335842 0.5206789 0.5265551
212.3533 0.8236725 0.5163633 0.5271276
212.3648 0.8160551 0.5096083 0.5292128
212.3756 0.8073385 0.5026533 0.5311056
212.3867 0.8023072 0.4928668 0.5325755
212.3985 0.7953361 0.4814864 0.5348974
212.4091 0.7910456 0.4678667 0.5374936
212.42 0.7864966 0.4527096 0.5390961
212.4319 0.7805316 0.4383493 0.5402795
212.442 0.7757805 0.4219604 0.5409518
212.4532 0.7707752 0.4061109 0.5430263
212.4645 0.7656935 0.391876 0.5458298
212.4755 0.7593517 0.3751988 0.5484728
212.4864 0.7559607 0.3610679 0.5509401
212.4975 0.7532969 0.34598 0.5519772
212.5087 0.7526488 0.3336103 0.5540072
212.5198 0.7520782 0.3210093 0.5550986
212.5314 0.7503678 0.3094135 0.5572253
212.5423 0.7484179 0.2995068 0.5608012
212.5532 0.7464271 0.2908599 0.5637512
212.5648 0.7468372 0.2856394 0.5672241
212.5754 0.7475138 0.2806836 0.5679401
212.5863 0.7489004 0.276618 0.5687603
212.5993 0.7492962 0.2754619 0.5675157
212.6097 0.7495368 0.2771849 0.5668088
212.6191 0.7484817 0.2796502 0.5658066
212.6304 0.7466085 0.2809604 0.5647891
212.6414 0.7441646 0.2853271 0.5641961
212.6523 0.7410603 0.2901498 0.5645918
212.6644 0.7377709 0.2950443 0.5641485
212.6776 0.7336693 0.3002756 0.565072
212.6881 0.7197387 0.2725735 0.5500953
212.697 0.7101652 0.2759013 0.5502864
212.707 0.7002431 0.2816579 0.5506946
212.7184 0.6890005 0.2916598 0.5542003
212.7299 0.6740456 0.2963895 0.5543203
212.7406 0.6596023 0.302437 0.5560505
212.7516 0.6430801 0.3056451 0.5565134
212.7632 0.6266648 0.3108655 0.5569909
212.7744 0.6086627 0.3122094 0.555903
212.7846 0.5905504 0.3165356 0.5552322
212.7963 0.5714098 0.3186493 0.5528508
212.807 0.5519227 0.3192439 0.5489364
212.8182 0.5322776 0.3215846 0.5441186
212.8302 0.5131646 0.3197224 0.5369552
212.8405 0.4955111 0.3189751 0.5305495
212.8521 0.4794368 0.3164159 0.5236819
212.8626 0.4651819 0.3138373 0.5172169
212.8738 0.4534738 0.3116033 0.5115302
212.8847 0.4423676 0.3096802 0.5051695
212.8965 0.4322961 0.3082582 0.4997571
212.907 0.4234141 0.3069102 0.493832
212.9186 0.4158268 0.3047008 0.488506
212.9299 0.410235 0.3027458 0.4841873
212.9423 0.4041076 0.3001315 0.4803326
212.952 0.4025614 0.2977383 0.4789415
212.9626 0.4025244 0.2952742 0.4787851
212.9736 0.4037895 0.2936326 0.479622
212.9853 0.4051959 0.292519 0.4801504
212.9968 0.4063372 0.2918641 0.4804244
213.0082 0.4062 0.2912275 0.4800901
213.0183 0.4079001 0.2926305 0.4812903
213.0297 0.4095011 0.2938711 0.4825773
213.0406 0.4116338 0.296185 0.484609
213.052 0.4170571 0.2999536 0.4909882
213.0633 0.4197043 0.3032557 0.4947064
213.0739 0.4229453 0.3111635 0.5003772
213.0854 0.4256571 0.3180898 0.5050917
213.097 0.427495 0.3291855 0.5088127
213.1077 0.4294124 0.3398226 0.5124028
213.1191 0.4305561 0.3545193 0.5143893
213.1302 0.4317721 0.3732288 0.5162779
213.142 0.4332031 0.3875079 0.5186552
213.1523 0.4343262 0.4081487 0.5187423
213.1638 0.4354897 0.4263645 0.5190875
213.1759 0.4362059 0.4464618 0.5179105
213.1859 0.4373957 0.4664463 0.516071
213.2014 0.4386753 0.4854075 0.5142219
213.21 0.4402384 0.5059097 0.5118502
213.2188 0.445876 0.5272995 0.5106619
213.2289 0.4477124 0.5461834 0.5067399
213.2397 0.4506087 0.5669186 0.5012869
213.2509 0.4531425 0.5845404 0.4944577
213.2618 0.4562163 0.6025116 0.4880187
213.2729 0.4583979 0.6168506 0.4823392
213.2838 0.4601978 0.6309069 0.4776244
213.2953 0.4620967 0.6432915 0.4729269
213.3058 0.4660579 0.6544925 0.4700732
213.3175 0.4692847 0.6643274 0.4669855
213.3284 0.4737034 0.6718768 0.4651718
213.3394 0.4783397 0.6764365 0.4646297
213.3511 0.4824297 0.6777086 0.4664239
213.3617 0.4849923 0.6810265 0.4666285
213.3724 0.4865003 0.684423 0.466124
213.3841 0.4869134 0.6856682 0.4649495
213.3948 0.4878289 0.6882264 0.4636973
213.4061 0.4882767 0.6889088 0.4626622
213.4174 0.4903698 0.689738 0.4625458
213.4282 0.4934753 0.6867076 0.4632294
213.4395 0.4951516 0.685312 0.4643562
213.4513 0.4975856 0.6836246 0.4645133
213.4616 0.4980232 0.6812022 0.4636237
213.4729 0.4981394 0.678917 0.462736
213.4841 0.4980588 0.6744003 0.463264
213.4948 0.4994501 0.6704438 0.4651098
