243.529 0.4857372 0.587096 0.6883571
243.5412 0.4853061 0.5877973 0.6873263
243.5518 0.4860655 0.5864101 0.6908476
243.5633 0.4859121 0.5865533 0.691728
243.5732 0.4870912 0.5869983 0.6922964
243.585 0.4882112 0.5870331 0.6936052
243.5956 0.4939774 0.5870452 0.6977484
243.6072 0.4990322 0.5865816 0.7014869
243.6186 0.5092945 0.5855573 0.708136
243.63 0.5168833 0.5847178 0.7123826
243.6413 0.528047 0.584139 0.7175387
243.6513 0.5388258 0.583752 0.7223133
243.663 0.5525598 0.5838468 0.7267314
243.6735 0.5661346 0.5839466 0.7298816
243.6847 0.5795219 0.5843583 0.7326911
243.697 0.5937397 0.5840769 0.7360204
243.7066 0.6070449 0.5827696 0.7395955
243.7174 0.6214676 0.5806101 0.743938
243.7279 0.6346759 0.5790279 0.7476739
243.7388 0.6467749 0.5767641 0.7498271
243.7506 0.6569521 0.575985 0.7504453
243.7621 0.6647167 0.5761589 0.7496691
243.7721 0.672812 0.5762299 0.7485157
243.7833 0.680918 0.5770524 0.7495151
243.7945 0.6881449 0.5747609 0.749705
243.8055 0.6945118 0.5721455 0.7511892
243.8173 0.6986415 0.5695971 0.7517714
243.8279 0.7022753 0.5666192 0.7524314
243.8387 0.7002504 0.5644071 0.7528466
243.8506 0.7002564 0.5631875 0.7541866
243.8607 0.6967593 0.5623541 0.754702
243.8725 0.6943482 0.5618449 0.7563447
243.8846 0.6894343 0.5619819 0.757208
243.8945 0.6857472 0.5620844 0.7577682
243.9058 0.6831211 0.5630047 0.7572776
243.9168 0.6808556 0.5628168 0.755631
243.9285 0.6805927 0.561595 0.7548336
243.9387 0.6827569 0.5576332 0.7557554
243.9509 0.6847758 0.5521199 0.7581399
243.9615 0.6872463 0.5448776 0.7612246
243.9724 0.6878654 0.5386122 0.762593
243.9837 0.6886122 0.5299341 0.7659056
243.9954 0.6881204 0.5216545 0.7683229
244.0057 0.6875337 0.5132381 0.7715966
244.0167 0.6859542 0.5025147 0.7753309
244.0276 0.6857049 0.4928018 0.7786371
244.0392 0.6853914 0.4800986 0.783469
244.0501 0.6851594 0.4701214 0.7871529
244.0619 0.6844215 0.4570566 0.7919744
244.0726 0.6832251 0.4457586 0.7951551
244.0841 0.6819036 0.4349966 0.7975847
244.0953 0.6807135 0.4256148 0.7989722
244.1073 0.6791147 0.4170655 0.7994953
244.1182 0.6779935 0.4089133 0.8014966
244.1285 0.6776854 0.4009668 0.8024222
244.1396 0.6778734 0.3959512 0.8013648
244.1512 0.6791054 0.3930701 0.7997333
244.1621 0.680286 0.3915739 0.7978517
244.1732 0.6807324 0.3893804 0.7951823
244.1838 0.6812131 0.3911541 0.7930406
244.1953 0.6816965 0.3908354 0.7907363
244.2062 0.6828023 0.3920621 0.7889864
244.2177 0.6827419 0.3938304 0.7871795
244.2285 0.6831371 0.3952516 0.7850881
244.2396 0.6823108 0.3978575 0.7839948
244.251 0.6811205 0.4006964 0.7832487
244.2621 0.6784824 0.4034346 0.7831571
244.2741 0.6743777 0.4060437 0.7832346
244.2843 0.6675797 0.4083773 0.7831341
244.295 0.6583709 0.4099111 0.7832596
244.3062 0.647341 0.4103429 0.7830444
244.3188 0.6341075 0.4106507 0.7826051
244.3286 0.6205038 0.4103867 0.7809197
244.3394 0.606108 0.4103656 0.7786181
244.3509 0.5931051 0.4104679 0.7760246
244.3624 0.5792003 0.4109611 0.7726986
244.3728 0.56602 0.4119274 0.7684739
244.3844 0.5542962 0.4127076 0.764348
244.3954 0.5431359 0.4132361 0.7606385
244.4065 0.5344372 0.4145485 0.7584821
244.4182 0.5283884 0.4152182 0.7561662
244.4287 0.5229118 0.4164515 0.7542303
244.4396 0.5178096 0.4175638 0.7509973
244.4509 0.5130517 0.418476 0.7473471
244.4616 0.5084352 0.4194132 0.7441987
244.4728 0.5067286 0.4198143 0.7420134
244.4843 0.5050408 0.4198032 0.7407146
244.4949 0.5088222 0.4189956 0.7427365
244.5063 0.5102953 0.4185271 0.7439746
244.5174 0.5131333 0.4179509 0.745671
244.5285 0.5143948 0.4173679 0.7463803
244.541 0.5151108 0.4166014 0.7467548
244.551 0.5104688 0.4064186 0.7408564
244.5613 0.5106682 0.4060346 0.7421583
244.5726 0.51103 0.4056197 0.7434765
244.5836 0.5115411 0.4049617 0.7445759
244.5944 0.512597 0.4053197 0.7467023
244.6055 0.5147716 0.4067352 0.7496563
244.6181 0.5168709 0.4093046 0.7521546
244.6279 0.5203575 0.4131779 0.7561123
244.6391 0.5228416 0.4180356 0.759648
244.6504 0.5251948 0.4233818 0.7631183
244.6608 0.5244631 0.4318149 0.765411
244.6721 0.5231975 0.4425845 0.7678758
244.6835 0.5221496 0.4533024 0.7668192
244.6944 0.5213875 0.4663716 0.7653037
244.7055 0.5224189 0.4790761 0.7644597
244.7168 0.5235417 0.4928681 0.7617049
244.7283 0.5243436 0.5054348 0.7594113
244.7386 0.5241915 0.5192102 0.7536807
244.7501 0.5237795 0.5314761 0.7485934
244.7613 0.5227489 0.5431845 0.7416052
244.7721 0.5222658 0.5536182 0.735948
244.7834 0.5230541 0.5628336 0.7321661
244.7941 0.5246211 0.5697626 0.7297058
244.8053 0.5266615 0.576842 0.729047
244.8169 0.5293165 0.5827656 0.7290477
244.8275 0.5325036 0.5873439 0.7298961
244.8391 0.5337568 0.5909737 0.7298883
244.8498 0.5336151 0.5956354 0.7280728
244.8615 0.5332463 0.599892 0.7263719
244.8719 0.5333744 0.6028709 0.7239967
244.8845 0.5336488 0.6047687 0.7233008
244.8943 0.5336696 0.6052201 0.7236572
244.9055 0.5339864 0.6060584 0.7236881
244.917 0.5335842 0.6051196 0.7246879
244.9282 0.5335145 0.6043627 0.7245252
244.9401 0.5342773 0.6037151 0.7236787
244.9512 0.5364523 0.6026388 0.7238858
244.9623 0.5398209 0.6007357 0.723954
244.9723 0.5430195 0.5996358 0.7250634
244.9837 0.545911 0.5969588 0.7257544
244.9949 0.546178 0.5941427 0.7272233
