273.5157 0.4529377 0.6225773 0.620445
273.5273 0.4550364 0.6223025 0.6222636
273.5381 0.4560297 0.6222047 0.6230687
273.5498 0.4578961 0.6221799 0.6248237
273.5601 0.4598571 0.622251 0.625601
273.5716 0.4635452 0.6219766 0.6272777
273.5827 0.4686166 0.6221615 0.6290355
273.5936 0.4751293 0.6218808 0.6318018
273.6112 0.4839534 0.6209388 0.6365271
273.6254 0.5045812 0.6185442 0.6477786
273.6367 0.5163419 0.6174232 0.6541429
273.6488 0.5274436 0.6170709 0.6599875
273.6588 0.5391705 0.6172053 0.6647425
273.67 0.5518858 0.6184064 0.6690555
273.6807 0.5671703 0.6199641 0.6707039
273.6922 0.5834091 0.6219696 0.6727605
273.7033 0.5996749 0.6233498 0.6745391
273.7146 0.6175447 0.6249703 0.6768023
273.7252 0.6359738 0.6242871 0.678845
273.7364 0.6541925 0.622683 0.6819882
273.7475 0.6720576 0.6213492 0.6845205
273.7588 0.6906034 0.6194982 0.6848764
273.7732 0.707713 0.618641 0.6830523
273.7843 0.7253984 0.6175033 0.6812489
273.7949 0.741842 0.6162499 0.6782836
273.8049 0.7561907 0.6147778 0.6755901
273.8146 0.7690539 0.6132033 0.673535
273.825 0.7777563 0.6119126 0.6714981
273.8364 0.7840012 0.6111384 0.6699295
273.847 0.7864574 0.6097083 0.6683965
273.8586 0.7897268 0.608524 0.6679494
273.87 0.7897594 0.6068636 0.6678544
273.8809 0.7893534 0.6045612 0.6676618
273.8921 0.7857479 0.6024418 0.6682194
273.9034 0.7821292 0.5998642 0.6679478
273.9143 0.7750465 0.5964351 0.667354
273.9264 0.7658545 0.5919714 0.669083
273.9387 0.7599861 0.5874462 0.6710285
273.9506 0.753326 0.5793948 0.6744074
273.9598 0.7479845 0.5710349 0.6777167
273.9704 0.7443455 0.561589 0.6800075
273.9812 0.7405502 0.5533365 0.6823056
273.9924 0.7395049 0.5425785 0.6841956
274.0036 0.7393915 0.5294189 0.6858417
274.0141 0.7370223 0.5158549 0.6882523
274.0247 0.7345634 0.5004427 0.6911657
274.0361 0.7304161 0.4862149 0.6941643
274.0487 0.724727 0.4704426 0.6983842
274.0584 0.7180565 0.4548487 0.7022857
274.0697 0.7121659 0.4392978 0.7058504
274.081 0.7074918 0.4231505 0.7094666
274.0918 0.7038134 0.4072719 0.7130346
274.1032 0.7031035 0.39164 0.7159518
274.1139 0.7020019 0.3772604 0.7179034
274.1248 0.702951 0.3654969 0.7179853
274.1366 0.7040303 0.3549695 0.7180643
274.1476 0.7069406 0.3483691 0.7147096
274.1584 0.7095394 0.341789 0.7124626
274.1697 0.7127265 0.3411399 0.7081186
274.1808 0.7143987 0.3391567 0.7036281
274.192 0.7156886 0.3360699 0.7007574
274.2036 0.7153972 0.335078 0.6973541
274.2141 0.7164294 0.3335641 0.6948565
274.2253 0.7161164 0.3351494 0.6928943
274.2368 0.7175414 0.3350177 0.6906674
274.248 0.7174807 0.3371439 0.6884293
274.259 0.7144904 0.341138 0.6875963
274.2697 0.7095494 0.3450131 0.6871564
274.2812 0.7002678 0.3489512 0.6881823
274.2918 0.6913369 0.3516134 0.6879839
274.3036 0.6770529 0.3543946 0.6896819
274.3138 0.6644878 0.3557927 0.6891343
274.3253 0.6472327 0.3592264 0.6898753
274.3367 0.629625 0.351502 0.6829573
274.3484 0.6121428 0.3548917 0.6811366
274.359 0.5943309 0.3578314 0.678417
274.3708 0.576141 0.360702 0.6741227
274.3821 0.5583349 0.3638115 0.6703169
274.3936 0.5407361 0.3667347 0.6657827
274.4046 0.5241148 0.3682888 0.6591898
274.4161 0.5087937 0.3712323 0.6539528
274.4273 0.4966945 0.3730906 0.6474696
274.4384 0.4869144 0.3763089 0.643241
274.4496 0.4791353 0.3775584 0.6387379
274.4601 0.4728713 0.3789439 0.6356671
274.4714 0.4653244 0.3798069 0.6320974
274.4829 0.461368 0.3801695 0.6299959
274.4933 0.4593697 0.3812004 0.6293032
274.5048 0.4595914 0.3822132 0.6296768
274.5159 0.4604281 0.383319 0.6309425
274.5269 0.4606186 0.3846099 0.6321645
274.5384 0.4628011 0.3865599 0.6349137
274.55 0.4642991 0.3896241 0.6372984
274.5613 0.4653154 0.3942578 0.6397204
274.5738 0.465897 0.3986763 0.6417225
274.5842 0.4664439 0.4050685 0.6445159
274.5938 0.4680248 0.4117757 0.647516
274.6034 0.4690873 0.4186047 0.6498798
274.6134 0.4719974 0.4274779 0.6531296
274.6248 0.4747804 0.4365017 0.6560122
274.6359 0.4787633 0.4469527 0.65927
274.6469 0.4815592 0.457568 0.662195
274.6586 0.4839295 0.4685944 0.664348
274.6694 0.4852368 0.4813788 0.6653862
274.6803 0.4851686 0.4961529 0.6653434
274.6914 0.4844081 0.5110327 0.6628999
274.7035 0.4839302 0.5260034 0.6605347
274.7141 0.4830731 0.5420579 0.6553149
274.7248 0.4813272 0.5597546 0.6473576
274.7357 0.4803858 0.5754557 0.6410003
274.7465 0.4792657 0.5915028 0.6315254
274.7582 0.4788629 0.6071116 0.6229736
274.7699 0.4798128 0.6210358 0.6136315
274.7805 0.4829729 0.6332957 0.6064758
274.7916 0.4879755 0.6432178 0.6019326
274.8026 0.4936087 0.649111 0.6010377
274.8135 0.4978891 0.6566261 0.5995013
274.8246 0.5003228 0.6576356 0.6014823
274.836 0.5024846 0.6625723 0.6007558
274.8465 0.5032896 0.6637097 0.6006144
274.8585 0.5050938 0.6658704 0.6011066
274.8704 0.5061573 0.6648251 0.6032214
274.8803 0.506326 0.6620641 0.6056926
274.8917 0.5044962 0.6649394 0.6062816
