282.9237 0.7377211 0.4284757 0.7264145
282.9352 0.7383672 0.4282546 0.7257633
282.9457 0.73893 0.4281497 0.7257795
282.9568 0.738684 0.4276842 0.725179
282.9681 0.7384357 0.4277042 0.7250587
282.9793 0.7379978 0.4269302 0.7243445
282.9901 0.7383559 0.4265694 0.7236227
283.0037 0.7375755 0.4254044 0.7234461
283.0122 0.7363279 0.4246266 0.7231296
283.0215 0.7337396 0.4241026 0.7228246
283.0327 0.7284372 0.4246258 0.7225881
283.044 0.721612 0.4251888 0.7225708
283.055 0.7085341 0.4265971 0.7227929
283.0667 0.6944736 0.4266077 0.7238216
283.0771 0.6803305 0.4270627 0.7244716
283.0886 0.6641648 0.4277768 0.7252141
283.0995 0.647794 0.4281286 0.724357
283.1112 0.6319233 0.428598 0.7221653
283.1216 0.6154736 0.4292451 0.7182915
283.1331 0.598784 0.4295684 0.7127718
283.1437 0.5822093 0.4302706 0.707181
283.1547 0.565708 0.4303725 0.7007659
283.1659 0.5497167 0.4308066 0.6944459
283.1772 0.5344601 0.4301127 0.6877962
283.1884 0.5204272 0.4292367 0.6822485
283.1995 0.5075774 0.4280364 0.6765184
283.2107 0.4967884 0.4267414 0.6711242
283.2219 0.4865214 0.426382 0.6655812
283.2327 0.4764616 0.4258402 0.6595652
283.244 0.4682168 0.4264054 0.6540408
283.2552 0.4614093 0.4270792 0.6489608
283.2661 0.4553209 0.4283012 0.6449491
283.2773 0.4508928 0.4289767 0.6421002
283.2883 0.4499096 0.4301436 0.6414786
283.2999 0.4490448 0.4308712 0.6411256
283.3135 0.4496307 0.4328897 0.6422874
283.3226 0.4486952 0.4355427 0.6419151
283.3336 0.4477547 0.4391237 0.6422684
283.3441 0.4471756 0.4441495 0.642629
283.3551 0.4491994 0.4514858 0.645019
283.3666 0.4539423 0.4605955 0.6492506
283.378 0.4592138 0.4703905 0.6536127
283.3902 0.4638001 0.4818976 0.6574397
283.4003 0.4672369 0.4957184 0.6581619
283.4115 0.4674469 0.5139679 0.6552103
283.423 0.4777215 0.5438943 0.6629412
283.435 0.4751388 0.5633624 0.6555603
283.4453 0.4693019 0.5801781 0.6406113
283.4564 0.4667367 0.6007307 0.6275519
283.4679 0.4623257 0.6179726 0.6068317
283.4788 0.4614251 0.6327217 0.5937971
283.4901 0.4625956 0.6478817 0.5829986
283.5017 0.4638343 0.6566545 0.5768178
283.5119 0.467833 0.6626589 0.5770068
283.523 0.4689662 0.6685539 0.5757345
283.5348 0.4701976 0.6674393 0.580752
283.5462 0.4713262 0.6716078 0.579954
283.5565 0.4724566 0.6733381 0.5800127
283.5681 0.4722967 0.6767039 0.5788817
283.5786 0.471559 0.6768682 0.5776476
283.5898 0.4714415 0.6769882 0.5780832
283.6011 0.4716874 0.6751091 0.5799273
283.6116 0.4736434 0.6727185 0.5827647
283.6227 0.4743504 0.6703459 0.5849915
283.6341 0.4777099 0.6685298 0.5870734
283.6449 0.4792324 0.6675562 0.5881435
283.6566 0.4835145 0.667031 0.5890262
283.6675 0.4885016 0.6671307 0.5899259
283.6786 0.4980488 0.6670014 0.5925519
283.6899 0.5068115 0.6663487 0.5961308
283.7009 0.5184548 0.6650895 0.6017824
283.7122 0.5312778 0.6639426 0.6078925
283.7228 0.5428112 0.6627026 0.6129284
283.734 0.5572663 0.661261 0.6195366
283.7447 0.5703928 0.6606348 0.6248212
283.7566 0.5863646 0.6593462 0.6312501
283.7674 0.6025124 0.6578746 0.6369979
283.7787 0.6228195 0.6560634 0.6419599
283.7895 0.6411691 0.654129 0.6457095
283.8017 0.6611332 0.6526213 0.6478147
283.8114 0.6791794 0.6502476 0.6483932
283.8229 0.6961564 0.6486626 0.649966
283.8338 0.7067991 0.6471547 0.6480513
283.8454 0.7185412 0.6458129 0.6477717
283.856 0.7262989 0.6434893 0.6468096
283.8682 0.735778 0.6408749 0.648495
283.8782 0.7432398 0.6377217 0.6501495
283.8891 0.7454902 0.6342701 0.6514083
283.9008 0.7477244 0.6311911 0.6519015
283.9129 0.743661 0.6306776 0.6520758
283.923 0.7413526 0.6306705 0.6524808
283.934 0.7336987 0.630887 0.6516661
283.9445 0.7303507 0.6298692 0.6519692
283.9562 0.7262045 0.6273779 0.6532559
283.9669 0.7237753 0.6239741 0.6544163
283.9781 0.7221359 0.6180043 0.6570306
283.9891 0.720646 0.6111405 0.660068
284.0015 0.7188811 0.6036264 0.6630752
284.0115 0.7152027 0.5948048 0.6670839
284.0226 0.7104795 0.5851938 0.6710452
284.0341 0.7065853 0.5732827 0.6747886
284.0448 0.7032543 0.5607381 0.6786922
284.0556 0.7022811 0.545874 0.6827487
284.0673 0.7022858 0.5314655 0.6864402
284.0782 0.7041857 0.5140978 0.6917081
284.0896 0.7064162 0.4959047 0.6968391
284.1005 0.7077656 0.4785439 0.7021275
284.1115 0.7056949 0.457797 0.7099565
284.1226 0.7003829 0.4407443 0.7166023
284.1336 0.6954772 0.4246987 0.7210248
284.1445 0.6919143 0.4134227 0.7245287
284.1562 0.693013 0.4054297 0.7238039
284.1673 0.6981152 0.4018405 0.722302
284.1783 0.7019311 0.3967986 0.7194055
284.1894 0.706377 0.3959074 0.7168435
284.2007 0.7085658 0.3935474 0.7155125
284.2113 0.7079479 0.3983459 0.7105691
284.2221 0.7087708 0.4000496 0.7077524
284.2339 0.7073256 0.4043456 0.7038749
284.2443 0.7069749 0.4074214 0.7013639
284.2557 0.7063567 0.4110503 0.7011998
284.2668 0.7059234 0.4142585 0.7011925
284.2789 0.703992 0.4171481 0.7015868
284.289 0.7013816 0.4206278 0.7037727
284.3004 0.6989431 0.4235678 0.7058683
284.3109 0.6972344 0.4256333 0.7079832
284.3219 0.6954923 0.4260469 0.7080892
284.3333 0.6941738 0.4267805 0.7086009
