697.1151 0.4776478 0.6850562 0.5247117
697.1251 0.4783669 0.6857151 0.5242522
697.1367 0.480776 0.6851786 0.5254276
697.1473 0.484771 0.6844324 0.5274188
697.1566 0.4886642 0.6835352 0.5295487
697.1655 0.4938801 0.6817991 0.5326687
697.1768 0.4992096 0.6777833 0.5371611
697.1882 0.5050099 0.6712472 0.543367
697.1987 0.5115556 0.6638706 0.5503491
697.2105 0.5186443 0.6566349 0.557132
697.2213 0.5279454 0.6474583 0.566987
697.232 0.5382547 0.6374705 0.5768176
697.2433 0.5492469 0.627185 0.587469
697.2549 0.5596969 0.6169311 0.5975127
697.2657 0.5742853 0.6034164 0.6104141
697.2769 0.587733 0.5894675 0.6233374
697.2891 0.6008451 0.5756316 0.6354361
697.2991 0.614338 0.5592917 0.6479973
697.3101 0.6275628 0.543385 0.6604782
697.3212 0.6406556 0.5255222 0.6731718
697.3322 0.6533631 0.5076951 0.6852263
697.3434 0.6653214 0.4912548 0.6967222
697.3542 0.6770138 0.4746982 0.7042965
697.3657 0.6870722 0.4598899 0.7113636
697.3769 0.6955496 0.4461574 0.7143872
697.388 0.7031385 0.4338088 0.7163615
697.3989 0.7104446 0.422588 0.7155755
697.41 0.7181358 0.4120591 0.7156531
697.4216 0.7233836 0.4067635 0.711053
697.4326 0.7300586 0.4015072 0.7081385
697.4437 0.7342652 0.4043706 0.7037098
697.4565 0.7368518 0.4108204 0.69675
697.4653 0.737325 0.4206769 0.6921637
697.4766 0.7364813 0.4305099 0.6884264
697.4883 0.7358063 0.4405444 0.6856076
697.4987 0.7340353 0.4545979 0.6812367
697.5098 0.7332946 0.4716531 0.6753076
697.5214 0.7327166 0.4896135 0.6667921
697.5319 0.7331219 0.5091943 0.6565458
697.5435 0.7348972 0.527878 0.6456773
697.5549 0.7363728 0.5478322 0.6337267
697.5663 0.7394568 0.5674889 0.6201831
697.5773 0.743085 0.5875521 0.607118
697.5906 0.7489851 0.6066707 0.5926735
697.6016 0.7547222 0.625304 0.581609
697.6124 0.7606286 0.6426182 0.5669988
697.6219 0.7682379 0.6597698 0.5535406
697.6328 0.7763646 0.6775357 0.5395234
697.6439 0.7847375 0.6944376 0.5281448
697.6553 0.7927577 0.7101241 0.5175366
697.6666 0.8000532 0.7225022 0.5087159
697.6773 0.8072887 0.7359064 0.5006976
697.6888 0.8118802 0.7452006 0.4953649
697.6996 0.812001 0.7473717 0.4949843
697.7106 0.8135712 0.755399 0.4894691
697.722 0.8135972 0.758139 0.4878015
697.7339 0.8085291 0.7548149 0.4917326
697.745 0.8040248 0.754472 0.4910445
697.7552 0.7960376 0.7507657 0.4939549
697.7668 0.7845021 0.7463531 0.494497
697.7772 0.7730234 0.7391075 0.4984998
697.7892 0.7601818 0.7322727 0.5011052
697.7995 0.7446865 0.7204069 0.5095267
697.811 0.727659 0.7073885 0.5168188
697.8222 0.7109542 0.6948996 0.5224965
697.8331 0.6904212 0.6767232 0.5310267
697.8438 0.6726122 0.6610222 0.5365279
697.8548 0.6522146 0.6418195 0.5428376
697.8661 0.6299059 0.6204796 0.5513558
697.8786 0.6058609 0.5975909 0.5586382
697.8886 0.5831175 0.575175 0.5646526
697.8999 0.5589488 0.5495239 0.5708389
697.9105 0.5378866 0.5239048 0.5758572
697.9224 0.5190133 0.4962554 0.5812803
697.9325 0.5046971 0.4690956 0.5854285
697.9441 0.4927963 0.4457156 0.5873938
697.9554 0.4849465 0.4289326 0.5860267
697.9666 0.4797824 0.4136983 0.5872006
697.9776 0.4773731 0.4070586 0.5846294
697.9892 0.4809729 0.4065806 0.5851215
698.0004 0.4821357 0.4081371 0.5809589
698.0125 0.4830891 0.4110816 0.5736004
698.0228 0.4908768 0.4144249 0.5780941
698.0346 0.4941479 0.4154248 0.5762084
698.0461 0.5011559 0.4151795 0.5834731
698.0577 0.5028685 0.4142879 0.5841361
698.0683 0.4891246 0.4274751 0.6290988
698.0798 0.4892049 0.4301271 0.6278737
698.0903 0.4917245 0.4338342 0.6289854
698.1013 0.4944052 0.4391668 0.6289646
