486.3292 0.6202415 0.5537314 0.7854135
486.3406 0.6231586 0.5510482 0.7894221
486.3517 0.6227263 0.5536482 0.7852148
486.3633 0.6234065 0.5536541 0.7850801
486.3738 0.6240743 0.5531013 0.7857194
486.3848 0.62482 0.5524873 0.7868743
486.3976 0.6254987 0.551715 0.7878117
486.4094 0.6259769 0.5506523 0.788749
486.4201 0.6266173 0.5492464 0.7886547
486.4293 0.6270077 0.5471486 0.7900552
486.4399 0.6274058 0.5438697 0.7919662
486.4512 0.6265983 0.5400552 0.7942153
486.463 0.625161 0.5372387 0.7955922
486.4734 0.6212769 0.5347878 0.7952796
486.4853 0.6161249 0.5329173 0.7930464
486.4966 0.6102411 0.5314786 0.7905697
486.5069 0.6045348 0.5289046 0.7886957
486.5181 0.597944 0.5253286 0.7866762
486.5289 0.5913059 0.5201861 0.7853472
486.5407 0.584541 0.5149242 0.7854065
486.5516 0.5771167 0.5096117 0.7854612
486.563 0.5692272 0.5049639 0.7847121
486.5744 0.5608394 0.5012232 0.7833896
486.5847 0.5513236 0.4979638 0.7807017
486.5962 0.5399912 0.4955429 0.7773424
486.6066 0.5283261 0.493432 0.7727665
486.6182 0.5165861 0.4913352 0.7685776
486.6293 0.5049794 0.4902419 0.7637188
486.6402 0.4933079 0.4894888 0.7592442
486.651 0.4824038 0.4904316 0.7541424
486.6632 0.4733218 0.4932452 0.7487729
486.6736 0.464454 0.4980855 0.7429793
486.6845 0.4562994 0.5024154 0.7362602
486.6962 0.4480986 0.5099567 0.7284705
486.7076 0.4415112 0.519179 0.7190243
486.7201 0.4332778 0.5256948 0.7112219
486.7305 0.4272794 0.5353446 0.7023064
486.7401 0.4209646 0.543854 0.6941511
486.7512 0.4153666 0.552678 0.6851536
486.7632 0.4115283 0.5619988 0.6773064
486.7733 0.4088791 0.5714529 0.6701698
486.7849 0.4062144 0.5810692 0.6622973
486.7963 0.403893 0.5914155 0.6564221
486.8075 0.404841 0.6013613 0.6502418
486.818 0.4071559 0.6109884 0.6458456
486.8295 0.4105773 0.6187732 0.6409636
486.8405 0.4148165 0.6262568 0.6386846
486.8523 0.4185846 0.6336043 0.6358833
486.8643 0.4243665 0.6388538 0.6364474
486.8757 0.430353 0.6436929 0.6374164
486.8866 0.4407205 0.6469338 0.6427782
486.8967 0.448954 0.6500971 0.6464764
486.9077 0.4599373 0.6484528 0.65337
486.9185 0.4690945 0.6480529 0.6594315
486.9299 0.479045 0.6446146 0.6669967
486.9408 0.489291 0.6404393 0.6751661
486.9518 0.4989531 0.6357325 0.682843
486.9633 0.5084311 0.6289412 0.691746
486.9785 0.5161504 0.6209521 0.7006511
486.9878 0.5230294 0.6123917 0.7100715
486.9972 0.5294454 0.6042708 0.7188598
487.0059 0.5351596 0.594371 0.728698
487.0181 0.5409293 0.5850369 0.737877
487.0291 0.5475448 0.5733516 0.7485693
487.0394 0.5555065 0.5636438 0.7580978
487.0503 0.5633769 0.5538084 0.7671762
487.0615 0.5716332 0.5448812 0.7748467
487.0723 0.5795886 0.5371319 0.7806222
487.0836 0.587401 0.5299584 0.7866809
487.0951 0.5959433 0.5241549 0.7907049
487.1055 0.605069 0.519986 0.7951665
487.1167 0.6142042 0.5167666 0.7979853
487.1281 0.6230469 0.514649 0.8014941
487.1391 0.6319548 0.5120177 0.8035755
487.1504 0.6411619 0.5109641 0.8047881
487.1611 0.6505759 0.5117888 0.8050774
487.173 0.6595551 0.5135677 0.8041264
487.1848 0.6674235 0.5173615 0.8034425
487.1954 0.6751276 0.5211707 0.8025352
487.2063 0.6818174 0.5266792 0.8000824
487.2166 0.6878393 0.5320967 0.7960258
487.228 0.6938939 0.5377726 0.7929447
487.2388 0.6973349 0.5445634 0.7888243
487.2516 0.6991896 0.5522251 0.7844451
487.261 0.6998968 0.5611464 0.7798867
487.2725 0.7008762 0.569808 0.7754601
487.2838 0.6991588 0.5790258 0.7705519
487.2953 0.6969352 0.5877599 0.7655522
487.3057 0.6938872 0.595947 0.7596845
487.3172 0.6915105 0.6035555 0.7547432
487.3288 0.6888292 0.6104853 0.7488897
487.3422 0.6853495 0.6169866 0.7437066
487.3537 0.6805932 0.6232015 0.7380091
487.3631 0.6726792 0.6273983 0.7346251
487.3723 0.6671343 0.6315321 0.7313568
487.3839 0.6603104 0.6333435 0.729082
487.3953 0.6543752 0.6339332 0.7282123
487.4058 0.6478416 0.6335995 0.7268401
487.4173 0.6424601 0.6321002 0.7266666
487.4284 0.6369025 0.6307367 0.7253866
487.4393 0.632213 0.6267709 0.7259917
487.4502 0.6263157 0.6232209 0.7257705
487.4618 0.6198276 0.616611 0.727074
487.4729 0.6135231 0.6101421 0.7285324
487.4837 0.6072341 0.6036023 0.729387
487.4951 0.6013004 0.5953526 0.7318686
487.5068 0.5955048 0.586846 0.7343067
487.5177 0.5899108 0.5783996 0.7362831
487.5287 0.5845885 0.5687807 0.7379639
487.5386 0.5791449 0.5595872 0.7403674
487.5501 0.5737476 0.5512567 0.7425206
487.5616 0.5681106 0.5433114 0.7447411
487.5727 0.5627388 0.5373216 0.7467614
487.5837 0.5586517 0.5314949 0.7487262
487.5952 0.5557124 0.5273205 0.7507564
487.6054 0.5532324 0.5237527 0.7524125
487.6166 0.5525907 0.5247724 0.7513391
487.6279 0.5518497 0.5243058 0.7505251
487.639 0.5512364 0.5264146 0.7472453
487.6501 0.5515606 0.5277362 0.7445943
487.6621 0.5531354 0.5284062 0.7428249
