514.0075 0.4564531 0.4984845 0.7088153
514.0184 0.456132 0.4987334 0.7083318
514.0291 0.4558077 0.4992495 0.708449
514.0403 0.455803 0.4998363 0.7084994
514.0515 0.4561445 0.5005853 0.7090632
514.063 0.4561595 0.5012085 0.7086959
514.0744 0.4555614 0.5024003 0.7083982
514.0859 0.4543766 0.5041085 0.7075693
514.0981 0.4528725 0.5065694 0.7064878
514.1072 0.451492 0.5100158 0.7053073
514.117 0.4504357 0.5137975 0.7040651
514.1287 0.4499707 0.519287 0.7029369
514.1397 0.4496934 0.5247763 0.7018936
514.1508 0.4496516 0.5326377 0.7004122
514.1617 0.4489404 0.539782 0.6985125
514.1727 0.4488724 0.548668 0.6961904
514.1842 0.4486423 0.5579337 0.6930785
514.1953 0.4489272 0.5674945 0.6898127
514.2059 0.4495536 0.5772426 0.686549
514.2178 0.4504036 0.5866004 0.6832355
514.2292 0.4523059 0.5967686 0.6798113
514.2399 0.4539027 0.6066203 0.6761825
514.2502 0.4573517 0.6172802 0.6723508
514.2615 0.459953 0.627583 0.6683429
514.2729 0.46403 0.6380779 0.6640955
514.2834 0.4690289 0.6487375 0.6600212
514.2951 0.4749765 0.6589147 0.6567721
514.3059 0.482301 0.6687252 0.6539457
514.3167 0.4893769 0.6782126 0.6512235
514.3284 0.49765 0.6868182 0.6490505
514.3398 0.5055006 0.6944439 0.6471609
514.3504 0.5133847 0.7010764 0.6452174
514.3614 0.5209884 0.7074221 0.6435947
514.3724 0.5287771 0.7108498 0.6430178
514.3839 0.5374226 0.7146353 0.6423606
514.3948 0.5464026 0.7150607 0.6429015
514.4056 0.5562346 0.7139068 0.6449561
514.4169 0.5652444 0.7104719 0.6479272
514.4282 0.5737171 0.7057646 0.6517565
514.4387 0.5811674 0.7012081 0.6552145
514.45 0.5871153 0.6936611 0.6600304
514.4622 0.5911047 0.6849182 0.6651759
514.4723 0.5941104 0.6752784 0.6704782
514.4846 0.5982347 0.6660802 0.6763424
514.4961 0.6007074 0.6531833 0.6849932
514.5061 0.6046095 0.6418928 0.692499
514.5178 0.6088029 0.6293803 0.7011197
514.5297 0.6133057 0.6169535 0.7094824
514.541 0.6179625 0.6053843 0.7171597
514.5522 0.623069 0.5939177 0.7246307
514.5636 0.6281423 0.5826936 0.7319258
514.5745 0.6334967 0.5720894 0.7386184
514.5843 0.6392329 0.5616865 0.7448196
514.5959 0.6456118 0.5521673 0.7501226
514.6115 0.6538943 0.5442528 0.7544974
514.6207 0.6623409 0.536743 0.7582008
514.6298 0.6711946 0.5288918 0.7613424
514.6389 0.6815392 0.5244832 0.762485
514.6495 0.6912609 0.5208761 0.7630188
514.6619 0.6997722 0.5194606 0.7623517
514.6725 0.7078192 0.51928 0.7601281
514.6833 0.7160672 0.5178725 0.7582922
514.6954 0.724088 0.5201033 0.7550974
514.7067 0.7325013 0.522585 0.7519417
514.7177 0.7410865 0.5265278 0.7485232
514.7279 0.7496017 0.5302599 0.7452859
514.7383 0.7575037 0.5349206 0.7476413
514.7499 0.7655236 0.5424166 0.7439381
514.7613 0.7753392 0.5531455 0.7319646
514.7728 0.7824125 0.5624391 0.7262552
514.7833 0.7895043 0.5722802 0.7190042
514.795 0.7943509 0.5833185 0.7124706
514.8057 0.7982362 0.5948663 0.7053329
514.8166 0.800922 0.6066445 0.6986401
514.8286 0.8039089 0.6186201 0.6918452
514.8396 0.8040444 0.6298785 0.6860114
514.8512 0.8026339 0.641012 0.6802496
514.8614 0.7994689 0.6517158 0.6745853
514.8727 0.7945161 0.6607424 0.6697361
514.8834 0.7903423 0.6703556 0.66442
514.8948 0.7831636 0.6774161 0.660604
514.9062 0.7755209 0.6842534 0.6569206
514.9179 0.7672773 0.68901 0.6542699
514.9279 0.7606962 0.6943504 0.6513535
514.9393 0.7522968 0.6957748 0.6509867
514.9504 0.7429878 0.6950059 0.6523339
514.9612 0.7346975 0.6960154 0.6516979
514.9722 0.7255569 0.6933434 0.6534624
514.9831 0.7163516 0.6913073 0.6546676
514.9948 0.7061999 0.6857241 0.6584418
515.006 0.6948873 0.6794317 0.6624829
515.0178 0.6830333 0.6719148 0.6668554
515.0314 0.6715274 0.6637926 0.6709439
515.0411 0.6607709 0.6560509 0.6747863
515.0511 0.6512937 0.6459953 0.6793712
515.061 0.641522 0.6347359 0.6850045
515.0723 0.6317673 0.6233631 0.6902081
515.083 0.6212419 0.6132581 0.6943365
515.0942 0.6096982 0.60323 0.6970742
515.1052 0.5970609 0.5931513 0.6990113
515.1166 0.5849047 0.5835772 0.7002069
515.128 0.573508 0.5734605 0.7021502
515.1385 0.5631247 0.5635263 0.7035053
515.15 0.5531039 0.5531015 0.7051845
515.1616 0.543289 0.5435675 0.7059792
515.1722 0.5330358 0.5350065 0.7057866
515.1834 0.52283 0.5274642 0.7044733
515.1945 0.5122426 0.5223131 0.70158
515.2052 0.5017407 0.518156 0.6973718
515.2167 0.4921962 0.5137302 0.6942756
515.2275 0.4828084 0.5116618 0.6892002
515.2382 0.474479 0.5106468 0.6846343
515.2495 0.4653974 0.5105436 0.678765
515.2608 0.4567553 0.5109063 0.6731861
515.2716 0.4480196 0.5135346 0.6668338
515.2828 0.4400847 0.5174004 0.66022
515.2938 0.4340799 0.5229726 0.6540969
515.3047 0.4290924 0.5297069 0.6480855
515.3162 0.4247919 0.5363297 0.6426252
515.3275 0.4233816 0.5450793 0.6381359
515.3386 0.4236836 0.5546225 0.6342204
515.3489 0.4247025 0.5649893 0.6304322
515.3609 0.425346 0.5750394 0.6264694
515.3718 0.4282238 0.5859534 0.6231959
515.3825 0.4328298 0.596638 0.6210907
515.3941 0.4389267 0.6059642 0.6206663
515.4051 0.4450861 0.6147924 0.620728
515.4157 0.450095 0.6234002 0.6198595
515.4272 0.4564324 0.6329062 0.6180586
515.4383 0.4607477 0.6420828 0.6145825
515.4525 0.4652868 0.6507069 0.610822
515.4631 0.4698029 0.6581927 0.6081565
515.4724 0.4729096 0.6604713 0.6075163
515.483 0.475336 0.6620396 0.6080143
515.4944 0.4758131 0.6616014 0.6086229
515.5049 0.4772957 0.66229 0.609404
515.5162 0.477874 0.6600672 0.6108085
