726.32 0.8212636 0.5265577 0.6706018
726.331 0.8219087 0.525395 0.6700028
726.3425 0.8220783 0.5251505 0.6685804
726.3539 0.8221945 0.5236788 0.6683102
726.3646 0.8219152 0.5230199 0.6678347
726.3758 0.8209866 0.5219755 0.6675301
726.3864 0.8198375 0.521131 0.6677089
726.3982 0.8188952 0.5198647 0.6677896
726.4091 0.8176787 0.5188606 0.6680878
726.4199 0.8162571 0.5174772 0.6684633
726.431 0.8138988 0.5163807 0.6687557
726.4423 0.8105888 0.5152884 0.6694751
726.4533 0.8041804 0.5141419 0.671379
726.4639 0.7952096 0.5127133 0.6748189
726.4753 0.7829459 0.5106458 0.6801178
726.4865 0.7706407 0.5088737 0.6852035
726.4978 0.7524986 0.5067266 0.6913826
726.5089 0.7311361 0.5060273 0.6961666
726.5205 0.7108235 0.5048842 0.6994918
726.5316 0.6843754 0.5056323 0.6996239
726.5432 0.6602309 0.5059704 0.6982365
726.5558 0.6366186 0.5053203 0.6952141
726.5662 0.6132541 0.5045441 0.6916309
726.5781 0.5887751 0.5027422 0.6852085
726.5892 0.5629489 0.5007242 0.6779505
726.601 0.5355349 0.4978693 0.6686612
726.6116 0.5082535 0.4947475 0.6574153
726.6229 0.4807451 0.4915648 0.6440701
726.6332 0.4548461 0.4879952 0.6294807
726.6442 0.4316375 0.4854318 0.6150565
726.6558 0.4122795 0.4834795 0.6006693
726.6665 0.3913916 0.4804864 0.587372
726.6777 0.3752775 0.4784962 0.5751317
726.6887 0.3578416 0.4758764 0.5630811
726.7006 0.3412841 0.4730273 0.5521366
726.7115 0.3313986 0.4719022 0.545554
726.7222 0.3220019 0.471256 0.5395419
726.7338 0.3194973 0.4737585 0.5370763
726.7441 0.3209161 0.4773736 0.5374168
726.7557 0.3227471 0.4825378 0.5378767
726.7659 0.3241166 0.4882333 0.5383781
726.7774 0.3244372 0.4943708 0.538477
726.7893 0.3280217 0.5026414 0.5405924
726.7996 0.3329112 0.5131247 0.5442268
726.8104 0.3416688 0.5259247 0.5486795
726.8223 0.3505354 0.5394032 0.5514041
726.8328 0.3626036 0.5580872 0.5532686
726.8439 0.3745379 0.578837 0.5515879
726.8555 0.3877427 0.6002216 0.5496056
726.8667 0.3998696 0.6213285 0.5453531
726.8791 0.4139192 0.6436898 0.5399814
726.8903 0.4293924 0.6662127 0.5323853
726.8997 0.4439607 0.6866611 0.5253444
726.9103 0.4602771 0.7064618 0.5188656
726.9211 0.4777834 0.7239895 0.5122999
726.9316 0.4960636 0.7407516 0.5060803
726.9429 0.5141801 0.7555391 0.5007547
726.9543 0.5308962 0.768528 0.4949258
726.9653 0.548602 0.7825641 0.4893204
726.9761 0.5647103 0.7923585 0.4849481
726.9881 0.5814481 0.8007935 0.4815429
726.9988 0.5951033 0.8055161 0.4798398
727.0099 0.6068405 0.8099982 0.4773903
727.0211 0.6170915 0.8133101 0.475161
727.032 0.6240406 0.8126619 0.4735903
727.0429 0.629602 0.8073896 0.4753335
727.054 0.6331847 0.7973665 0.479887
727.0649 0.6383339 0.7869874 0.4852831
727.0764 0.6396481 0.7688895 0.4948201
727.0885 0.6390843 0.7469447 0.5075278
727.0984 0.6349484 0.7228643 0.5216142
727.11 0.6295943 0.6963967 0.5383766
727.1207 0.6238499 0.6711907 0.5540866
727.1316 0.6146034 0.640956 0.5741966
727.1429 0.6066713 0.6127787 0.5933522
727.1537 0.5975941 0.579236 0.6150907
727.1652 0.5906675 0.5505697 0.6338128
727.1765 0.5852295 0.5199702 0.6536121
727.1879 0.5819432 0.488989 0.6729873
727.1984 0.5803589 0.4586812 0.6911939
727.2105 0.5806215 0.4247683 0.7085682
727.2209 0.5817487 0.3906966 0.7203418
727.2319 0.5823415 0.3574148 0.7254484
727.2427 0.5837572 0.3289829 0.724546
727.2542 0.5890765 0.3085424 0.7216261
727.2651 0.5935982 0.2902818 0.717542
727.2763 0.6006958 0.2885633 0.7110186
727.2891 0.604661 0.275612 0.7070931
727.2991 0.6056858 0.285098 0.7018935
727.3105 0.6067358 0.2842624 0.6978731
727.3231 0.6035749 0.2904358 0.6913316
727.3331 0.6017911 0.2937364 0.6869271
727.3432 0.6010067 0.2964965 0.683423
727.3546 0.6014286 0.2997537 0.6831925
727.3652 0.6011721 0.3048333 0.6841857
727.3761 0.6005396 0.3117023 0.6864685
727.3885 0.6001386 0.3208701 0.6902927
727.3987 0.5992576 0.3321751 0.6949539
727.4097 0.5982586 0.3440064 0.6989257
727.4207 0.598011 0.3537106 0.7028834
727.4317 0.5996147 0.3625004 0.7066258
727.4427 0.6010785 0.3676426 0.7085091
727.4548 0.6031758 0.3709468 0.7098519
