843.5945 0.7353323 0.6241287 0.6109999
843.6053 0.7358452 0.6242294 0.6106449
843.6166 0.7361647 0.6241856 0.610457
843.6281 0.7358655 0.6240728 0.6106105
843.6383 0.735059 0.6236455 0.6116653
843.6499 0.7346907 0.62336 0.6121858
843.6609 0.7341561 0.6230377 0.6126529
843.6718 0.7332213 0.6237439 0.6118761
843.6831 0.7309567 0.6252282 0.6100292
843.6943 0.7270297 0.6272708 0.6081823
843.7065 0.722365 0.629027 0.6067759
843.7159 0.7150918 0.6296446 0.607328
843.7274 0.7056777 0.629894 0.6079461
843.7388 0.6955696 0.6295366 0.6095495
843.7494 0.6812 0.6289808 0.6116484
843.761 0.6652732 0.6290528 0.6112991
843.7721 0.6475655 0.6279606 0.612132
843.783 0.6306467 0.6273564 0.6107662
843.7941 0.6120272 0.6257398 0.6103
843.8049 0.5941867 0.6242636 0.6078238
843.816 0.5784076 0.6224958 0.6055797
843.8274 0.5639944 0.6205763 0.6024465
843.8384 0.5497994 0.6171932 0.6006759
843.8496 0.5345058 0.6139754 0.5978409
843.8615 0.5191358 0.6097541 0.594955
843.8718 0.5031383 0.6057068 0.5913275
843.8834 0.4890679 0.6012891 0.5874973
843.8937 0.4768579 0.5970346 0.5833787
843.9049 0.4676051 0.5929621 0.5803314
843.9162 0.4582698 0.5891187 0.5766886
843.9277 0.4527513 0.5851064 0.5748423
843.9388 0.4475664 0.5814281 0.5722592
843.9495 0.4440971 0.5777759 0.5704876
843.9612 0.4435249 0.5746162 0.5704788
843.9722 0.4429437 0.571649 0.569504
843.9834 0.4510502 0.5701996 0.5725806
843.9944 0.4565927 0.5682666 0.5738219
844.0055 0.4674005 0.5671825 0.5779491
844.0171 0.4757157 0.565102 0.5820922
844.028 0.4882158 0.5641572 0.5875114
844.0383 0.5011688 0.5625944 0.5943184
844.0506 0.5174497 0.5614895 0.6016603
844.0612 0.5360999 0.5612137 0.6099307
844.0729 0.5537137 0.5602444 0.6174883
844.0833 0.5760515 0.5592017 0.6256214
844.0942 0.5979637 0.5576963 0.6326712
844.1055 0.6193119 0.555496 0.6384757
844.1161 0.6390137 0.553376 0.6434867
844.1275 0.6578236 0.5501803 0.6472441
844.1381 0.6753671 0.5470798 0.6507891
844.1501 0.6904935 0.542837 0.6544808
844.1614 0.7035658 0.5384993 0.6575383
844.1729 0.7187747 0.5352262 0.660365
844.1826 0.7280372 0.532207 0.659826
844.1938 0.7377259 0.530142 0.6605836
844.2047 0.7400796 0.5307854 0.6587308
844.2161 0.7421771 0.5313309 0.6590947
844.227 0.7388417 0.5343563 0.6558859
844.2386 0.7338785 0.5362099 0.6557348
844.2485 0.7267262 0.5366309 0.6571444
844.2599 0.7179872 0.5369326 0.6572765
844.272 0.7087793 0.5360973 0.6598086
844.2825 0.6962961 0.5361884 0.6599984
844.2942 0.6820326 0.5362334 0.659851
844.3048 0.6669735 0.5362137 0.6579986
844.3157 0.6527596 0.5348139 0.6567633
844.3272 0.6366855 0.5327265 0.6537403
844.3376 0.6197824 0.5281394 0.6528324
844.3491 0.6033242 0.5233375 0.6510732
844.3604 0.5878711 0.5180666 0.6487598
844.3714 0.5738059 0.5142732 0.6435461
844.3829 0.5609327 0.5088586 0.6395826
844.3934 0.5493572 0.5045897 0.6341366
844.4044 0.5401801 0.500269 0.6286169
844.4158 0.5313356 0.495199 0.6248856
844.4269 0.5253531 0.4903619 0.6214251
844.438 0.5221467 0.4857216 0.6198815
844.4491 0.5200855 0.4822578 0.6163924
844.461 0.5199578 0.4795058 0.6153186
844.4719 0.5182453 0.4762757 0.6133726
844.4896 0.5209914 0.4747292 0.6132897
844.5035 0.5275218 0.4712825 0.6155177
844.5141 0.5335703 0.4699679 0.619081
844.5255 0.5408078 0.4690381 0.6226431
844.5361 0.5491198 0.4689708 0.6257052
844.5474 0.5600089 0.4683268 0.6330466
844.5585 0.5744039 0.4698736 0.6380472
844.5693 0.5891652 0.4711544 0.6436437
844.5807 0.6056339 0.4731576 0.6483791
844.5918 0.6196284 0.4737605 0.6543391
844.6036 0.6369107 0.4758593 0.6574191
844.6151 0.6530349 0.4773962 0.6610715
844.6257 0.6695659 0.4789789 0.662138
844.6376 0.6860983 0.479994 0.6633689
844.6472 0.7020092 0.480635 0.6629527
844.6582 0.7166712 0.4814775 0.6605073
844.6695 0.730692 0.4828972 0.6583889
844.6802 0.7383513 0.4846365 0.6554362
844.692 0.7479426 0.4862949 0.6533462
844.7031 0.7506174 0.4861355 0.653357
844.7141 0.7507909 0.486233 0.6539565
844.7249 0.7494411 0.4860344 0.6552597
844.7358 0.7414253 0.4875591 0.6566972
844.7472 0.7375877 0.4886166 0.6582118
844.7585 0.7318506 0.4907091 0.6570499
844.7698 0.7266383 0.49049 0.6602895
844.7816 0.7244982 0.4907547 0.6595531
844.7936 0.7231499 0.4901655 0.6607553
844.804 0.723552 0.4898131 0.6605036
844.8136 0.7247036 0.4896896 0.6597644
844.8255 0.7265543 0.4897804 0.6580063
844.8357 0.7285696 0.4890392 0.6571785
844.847 0.7293392 0.4892465 0.6552988
844.859 0.7290541 0.488913 0.6549147
844.8694 0.726996 0.4891771 0.6545852
844.8804 0.7249759 0.4891007 0.6550022
844.8919 0.7216187 0.4890393 0.6561544
844.9025 0.7197345 0.4889915 0.6568124
