319.8678 0.5581611 0.6601319 0.6436496
319.8794 0.5655488 0.6602096 0.64662
319.8904 0.5729381 0.662374 0.6448075
319.9017 0.5818211 0.6632846 0.6460039
319.9126 0.5935518 0.663568 0.6482328
319.9276 0.6068594 0.662536 0.6514602
319.9379 0.6218506 0.6602478 0.6554453
319.9468 0.6355557 0.6577724 0.6579334
319.9558 0.6518899 0.6532539 0.6623675
319.9658 0.6677688 0.6472452 0.6673558
319.977 0.6845856 0.6387022 0.67518
319.9886 0.7017652 0.628329 0.6836545
319.9993 0.7187251 0.6172671 0.6916864
320.01 0.7344085 0.602605 0.6997992
320.0211 0.7472325 0.5878617 0.706807
320.032 0.7526291 0.5714971 0.7123768
320.0432 0.7507033 0.5552857 0.7179683
320.0548 0.7482429 0.5380754 0.7225199
320.0653 0.7380987 0.5190462 0.7278247
320.0769 0.729039 0.4996466 0.732395
320.0884 0.7155747 0.4784625 0.7386611
320.0987 0.6933299 0.4583499 0.7434081
320.11 0.6780588 0.4421953 0.7458557
320.121 0.6556497 0.4307656 0.7447733
320.1323 0.6370004 0.419895 0.7438005
320.1438 0.6139249 0.4163615 0.7392616
320.1547 0.5928322 0.409829 0.7359896
320.1656 0.5693423 0.4052626 0.7326251
320.1766 0.5405276 0.4042333 0.7249787
320.1881 0.514495 0.4007544 0.7170106
320.1987 0.4887214 0.4029714 0.7062582
320.2098 0.4652663 0.4059996 0.6959426
320.2211 0.4464834 0.4181342 0.6838886
320.2318 0.4323113 0.4353091 0.6718522
320.243 0.4184935 0.4525968 0.6582795
320.2542 0.4113396 0.472937 0.6474929
320.2654 0.404722 0.4912438 0.6382825
320.2764 0.411344 0.5162967 0.6345161
320.2878 0.4066126 0.5349935 0.6245594
320.2995 0.4207328 0.560199 0.6216454
320.3105 0.4286849 0.581621 0.6144941
320.3217 0.4426933 0.602945 0.609436
320.3323 0.4621723 0.6212159 0.6067538
320.3439 0.47797 0.6397314 0.6027499
320.3557 0.4996021 0.6519373 0.603954
320.3669 0.5203835 0.6600015 0.6068081
320.3779 0.5406029 0.6627785 0.6112368
320.3897 0.5603634 0.6667843 0.6141165
320.4018 0.5815598 0.6632879 0.6191244
320.4117 0.6024693 0.6586926 0.6245366
320.4241 0.6218987 0.6490842 0.6331033
320.4352 0.6395782 0.6342738 0.6442719
320.4458 0.6546099 0.6209452 0.6534927
320.458 0.6605645 0.5998716 0.6657751
320.4685 0.6687569 0.5851919 0.6732576
320.4798 0.6678054 0.5681551 0.6799181
320.4905 0.6635458 0.5528387 0.6848732
320.5019 0.6589105 0.5380188 0.6895466
320.5126 0.6460223 0.5237367 0.6941674
320.5237 0.6370985 0.5103784 0.6988588
320.5352 0.621957 0.5005083 0.7010161
320.5458 0.6044002 0.4935282 0.7014405
320.5585 0.5864251 0.4877497 0.7001838
320.5681 0.5652518 0.4853016 0.6965188
320.5782 0.54288 0.4835688 0.6905538
320.5894 0.5219966 0.4813792 0.6851065
320.601 0.500519 0.4876348 0.6729288
320.6122 0.4825338 0.4930304 0.6626878
320.6232 0.4685909 0.5018188 0.653762
320.6346 0.4669327 0.5229822 0.6417566
320.6451 0.4625571 0.5360898 0.6325573
320.6563 0.4698572 0.5525486 0.6262996
320.6671 0.4789482 0.5663337 0.6232297
320.6786 0.4905462 0.5796256 0.6214741
320.6893 0.5048258 0.5924016 0.620378
320.7 0.5167742 0.6048863 0.6174273
320.7113 0.5316044 0.6163527 0.614701
320.7225 0.5468929 0.6266147 0.6109517
320.7333 0.561316 0.634319 0.607409
320.7447 0.5747595 0.6409808 0.6045595
320.7562 0.58961 0.6419159 0.6047168
320.7675 0.6046218 0.6383944 0.6102595
320.7788 0.6185651 0.6294386 0.619131
320.7903 0.6319791 0.6209087 0.6263468
320.8007 0.6442206 0.6104292 0.6335189
320.8112 0.6554589 0.5972283 0.6410202
320.8226 0.6651032 0.5870988 0.6399341
320.8339 0.6714694 0.572673 0.6448135
320.8445 0.6779382 0.5597082 0.6499766
320.8566 0.6696573 0.5417594 0.6594473
320.8666 0.6587715 0.5264317 0.6687119
320.8819 0.6472543 0.5129707 0.6755053
320.8912 0.6314823 0.5034061 0.6789472
320.8997 0.6172553 0.4969601 0.6794228
320.9094 0.6007485 0.4974295 0.674438
320.9216 0.5832177 0.4985864 0.66975
320.9322 0.5651264 0.5014815 0.6645652
320.9427 0.5494324 0.5052693 0.6606758
320.9543 0.5352682 0.5142205 0.6531935
320.9655 0.5208735 0.5235824 0.6452659
320.9766 0.5106134 0.5405678 0.6312565
320.9879 0.5017369 0.5549046 0.6199486
320.9986 0.5039889 0.5762111 0.6070228
321.01 0.5029167 0.5923463 0.5969592
321.0204 0.5091109 0.6091564 0.5878876
321.0317 0.5190545 0.6221908 0.5833586
321.0431 0.5316223 0.6321617 0.5819134
321.0542 0.5432378 0.6417949 0.57968
321.0651 0.5577869 0.6495111 0.5782446
321.0764 0.5708947 0.6539724 0.5762845
321.0881 0.581953 0.6596367 0.5737843
321.099 0.5952944 0.6541859 0.5796511
321.1096 0.6075357 0.6512781 0.5842425
321.1218 0.6190159 0.6409013 0.5948216
321.1317 0.6292692 0.6321903 0.603053
321.143 0.6346175 0.6149575 0.6159573
321.1543 0.6381624 0.5993814 0.6264588
321.1649 0.6410406 0.5861437 0.634326
321.1762 0.6372187 0.5711558 0.6416727
321.188 0.6338553 0.5584794 0.6476981
321.1986 0.6209794 0.5451964 0.6526471
321.2097 0.6123295 0.5343287 0.6575141
321.2211 0.5997126 0.5266075 0.6598693
321.2318 0.5860517 0.5222191 0.6607794
321.2429 0.5723901 0.5216594 0.6598361
321.2547 0.5577338 0.5253416 0.6553143
321.2653 0.5447994 0.5310416 0.6489633
321.2784 0.5329475 0.5361931 0.6424032
321.2885 0.5272706 0.5449846 0.6358324
321.2998 0.5272157 0.5561317 0.6283356
321.3111 0.5281869 0.5656859 0.6223968
321.3225 0.5372635 0.5781837 0.6161317
321.3337 0.5489862 0.5882205 0.6126928
321.3451 0.5613164 0.5961468 0.6103665
321.3568 0.5742934 0.6023154 0.6085685
321.3677 0.5835919 0.6071269 0.6056058
321.3797 0.5942001 0.6082547 0.605863
321.3926 0.602347 0.6069483 0.6075001
321.4088 0.6068273 0.6022175 0.6114105
321.4214 0.6085554 0.5898325 0.6206617
321.4317 0.6065747 0.5806134 0.6275954
321.4426 0.6051549 0.5705637 0.6337889
321.4539 0.6002907 0.5579001 0.6410077
321.4655 0.5995438 0.5485275 0.6445892
321.4759 0.5949175 0.5400922 0.6455501
321.488 0.5925289 0.5333721 0.6462898
321.4987 0.5883533 0.5276009 0.6461427
321.5095 0.5860226 0.5245239 0.6463446
