361.9164 0.5876592 0.622849 0.6851505
361.9278 0.5900048 0.6206953 0.6885728
361.9386 0.5898928 0.6225982 0.6845146
361.9496 0.5912427 0.6213875 0.6856577
361.961 0.5919431 0.6198121 0.6870133
361.9727 0.5929425 0.6175874 0.6885836
361.9828 0.5944417 0.6156266 0.689371
361.9954 0.5959515 0.6135517 0.6901122
362.0054 0.5985215 0.6109439 0.6914158
362.0151 0.6020448 0.6075086 0.6934968
362.0275 0.6068647 0.6034679 0.6963539
362.0378 0.6137313 0.5982233 0.7001846
362.0492 0.6207706 0.5929656 0.7046724
362.0602 0.6300349 0.585439 0.7103629
362.0717 0.6390446 0.5767845 0.7156129
362.0824 0.6465465 0.567838 0.7203234
362.0938 0.6529665 0.5594159 0.724798
362.1051 0.6597446 0.5489917 0.7295048
362.1154 0.6667222 0.5372171 0.7340064
362.1279 0.6748258 0.5248356 0.7365828
362.138 0.6831624 0.5122461 0.7382065
362.1492 0.6901281 0.5000197 0.7396995
362.1602 0.6966558 0.4856551 0.7414632
362.1713 0.7016595 0.4703323 0.743329
362.1821 0.705479 0.4547472 0.7457538
362.1948 0.7097862 0.4400371 0.7477964
362.2047 0.7129936 0.4250211 0.7489238
362.2152 0.7153806 0.4123777 0.7502066
362.2268 0.7172421 0.4035674 0.7482847
362.2388 0.7193944 0.3959954 0.7472432
362.2494 0.7196953 0.3915165 0.7451231
362.2609 0.7198423 0.3872171 0.7445422
362.2713 0.7201907 0.3841539 0.7442486
362.2836 0.7190537 0.3820003 0.7429141
362.2943 0.7180722 0.3801018 0.7423421
362.3049 0.7148172 0.3807872 0.7408196
362.316 0.711233 0.3818656 0.7399499
362.327 0.7068156 0.3829156 0.7382178
362.3373 0.7031794 0.3835642 0.7367542
362.3489 0.6965471 0.38563 0.7359976
362.3601 0.6885692 0.3871102 0.7439621
362.3712 0.6795439 0.3903446 0.7357901
362.3825 0.6690288 0.3926609 0.7361794
362.3933 0.659163 0.3947797 0.7344365
362.4051 0.6482429 0.3984239 0.7345175
362.4152 0.6349099 0.4010037 0.7328194
362.427 0.6218128 0.4044491 0.730524
362.4385 0.6081755 0.4074191 0.7276852
362.449 0.5942513 0.411278 0.7233077
362.4605 0.5814594 0.4146607 0.7180972
362.4722 0.5690022 0.4179363 0.7107962
362.4828 0.5592169 0.4201871 0.7052597
362.4943 0.5495085 0.4216567 0.6998825
362.5048 0.542448 0.4221427 0.6962678
362.515 0.5366344 0.4223739 0.6924776
362.5269 0.5308505 0.4229519 0.6885166
362.5378 0.5252859 0.4231023 0.6848049
362.5491 0.5204282 0.4230045 0.6813192
362.5604 0.5165136 0.4220991 0.6787682
362.5712 0.5125884 0.4203123 0.676154
362.5821 0.5081258 0.4181798 0.6743463
362.5945 0.5037253 0.4159086 0.6721117
362.6065 0.5000071 0.4137031 0.671043
362.6176 0.497217 0.4115782 0.669949
362.6273 0.4943672 0.4100505 0.6684493
362.6372 0.492873 0.4100452 0.6674448
362.6484 0.4913449 0.4098414 0.6666319
362.6594 0.4899048 0.4095008 0.6666203
362.6702 0.4903964 0.4094023 0.6682694
362.6815 0.4921529 0.4101671 0.6704212
362.693 0.4954262 0.4118937 0.6735018
362.7037 0.4987563 0.4157461 0.6758818
362.715 0.502296 0.4200169 0.6781488
362.7261 0.5053583 0.4247671 0.6803912
362.7372 0.5094324 0.4314624 0.6839568
362.7487 0.514824 0.4382192 0.6872834
362.7607 0.520021 0.445452 0.6905946
362.772 0.5269924 0.4541705 0.6942146
362.7814 0.5337359 0.463881 0.6971727
362.793 0.5406727 0.4745058 0.6993435
362.8038 0.5476761 0.4864431 0.7005333
362.8149 0.5546204 0.4987693 0.7013977
362.8258 0.5611759 0.5105574 0.7018453
362.8367 0.5683873 0.5231934 0.7012433
362.8483 0.5753583 0.5359081 0.6997364
362.859 0.5818346 0.5481293 0.6976814
362.8705 0.5881698 0.5613656 0.6935149
362.8814 0.5944644 0.573951 0.6894716
362.8928 0.5993195 0.5858769 0.6838675
362.9037 0.6047885 0.5969994 0.6788627
362.9146 0.6100761 0.6075154 0.6741074
362.9267 0.6157269 0.6164006 0.6698189
362.9392 0.6199154 0.6243005 0.6647912
362.9485 0.6237487 0.6324684 0.660361
362.9596 0.623922 0.6379386 0.656114
362.9707 0.6224311 0.6428084 0.6536646
362.9814 0.6213678 0.6467413 0.6519242
362.9926 0.6204118 0.6469586 0.6534939
363.0035 0.6211029 0.6488912 0.6542039
363.0142 0.6214134 0.6485168 0.6559125
363.0264 0.621381 0.6483475 0.6573986
363.037 0.6200889 0.6482449 0.6579048
363.048 0.6190967 0.6484661 0.6579608
363.0601 0.6169542 0.6480125 0.6580388
363.0728 0.6155857 0.646531 0.6594493
