388.2506 0.687856 0.4823659 0.7556273
388.2664 0.6876557 0.4841935 0.752104
388.2757 0.6875322 0.4823223 0.7539012
388.2844 0.6863216 0.4820135 0.7545772
388.293 0.6853879 0.4819915 0.7544429
388.3032 0.6845763 0.4818282 0.7539256
388.3144 0.6843546 0.4815527 0.7536833
388.3252 0.6839368 0.4811958 0.7527677
388.3365 0.6837053 0.4807625 0.7520981
388.3481 0.6831488 0.4801342 0.751063
388.3587 0.6825547 0.479739 0.7505694
388.37 0.681334 0.4787794 0.7500563
388.3806 0.6789234 0.4776804 0.7499479
388.3921 0.6743575 0.4769325 0.7491658
388.4038 0.6668535 0.4772392 0.7478178
388.4145 0.6585602 0.4779021 0.7463394
388.4255 0.642143 0.4802009 0.7437038
388.4368 0.6287339 0.4818359 0.7418064
388.4476 0.6110284 0.4834362 0.7383406
388.4596 0.593629 0.4843446 0.7341156
388.4698 0.5763889 0.4852415 0.7290342
388.4812 0.5598016 0.485974 0.7237532
388.492 0.5424504 0.4869947 0.7152266
388.5033 0.5258715 0.487903 0.707535
388.5143 0.5088282 0.4891746 0.6981553
388.5258 0.4929093 0.4899785 0.6887043
388.5365 0.4767148 0.4897966 0.6798769
388.5476 0.4635011 0.4893432 0.6719701
388.5595 0.4512958 0.4887645 0.6647055
388.5696 0.442389 0.488438 0.6593674
388.5811 0.4321806 0.4873909 0.6531833
388.5925 0.4269883 0.4869012 0.6500857
388.603 0.4231865 0.4858941 0.6479055
388.6144 0.4225629 0.4850516 0.6472802
388.6254 0.423934 0.4845584 0.6479474
388.6363 0.4243623 0.4843802 0.6474847
388.6473 0.4298223 0.4844856 0.6508975
388.6584 0.4318639 0.4838516 0.6527933
388.6699 0.4367244 0.4839257 0.6567497
388.6812 0.4414319 0.4847567 0.6615295
388.6922 0.4463454 0.4866439 0.6675823
388.7035 0.4507188 0.4894941 0.6729835
388.715 0.4579803 0.4950887 0.6803959
388.7263 0.4672271 0.5030468 0.689108
388.7369 0.4774175 0.5101404 0.6969666
388.7495 0.4907654 0.5221993 0.704751
388.7606 0.5044194 0.5379412 0.7079161
388.7711 0.5141406 0.5526164 0.7088189
388.7831 0.522774 0.571742 0.7029179
388.7946 0.5297697 0.5874828 0.7001025
388.8058 0.5351244 0.6066111 0.6890625
388.8168 0.5422001 0.6222668 0.6842728
388.828 0.5471913 0.6380801 0.6732354
388.8396 0.5541142 0.6532221 0.6641438
388.8499 0.5588346 0.6663274 0.6538425
388.8614 0.5643456 0.6788453 0.6455477
388.8727 0.5681845 0.6897888 0.6378168
388.8839 0.5722836 0.6996777 0.6319784
388.8938 0.5768661 0.7093233 0.6265537
388.9065 0.5804898 0.7166553 0.6219459
388.9159 0.584545 0.7258543 0.6168022
388.9268 0.5869226 0.7310318 0.6136861
388.9382 0.5890178 0.7369353 0.6100526
388.9495 0.5895054 0.7387031 0.609527
388.9608 0.5896434 0.7401786 0.6098025
388.9716 0.5883561 0.7406529 0.6099601
388.983 0.58829 0.7401767 0.6111519
388.9942 0.587944 0.7401842 0.6119691
389.0046 0.5883827 0.7384179 0.6137643
389.0157 0.5885859 0.7367067 0.6150946
389.0275 0.5894663 0.7346771 0.6167135
389.0402 0.5904051 0.733017 0.6174539
389.0507 0.5923121 0.7306339 0.6191666
389.0603 0.5957891 0.7253052 0.6228861
389.0711 0.5985139 0.7198625 0.6264887
389.0825 0.6023517 0.7124768 0.6317751
389.0939 0.6056578 0.7054004 0.6370517
389.1047 0.6088613 0.6949338 0.6448894
389.1156 0.6121458 0.6854094 0.6515682
389.1275 0.6156639 0.6733417 0.6601576
389.1374 0.620171 0.6613753 0.6685483
389.1487 0.6251094 0.6463045 0.6794725
389.1598 0.6307949 0.6280829 0.6931891
389.1714 0.6358113 0.6120847 0.7046744
389.1829 0.6403571 0.5938069 0.7171543
389.1936 0.6438884 0.5769756 0.728627
389.2047 0.6454434 0.5585644 0.7402366
389.2155 0.6464321 0.5401562 0.7521367
389.2267 0.6474195 0.5218099 0.762501
389.2375 0.6489784 0.5049658 0.7724078
389.2512 0.6509494 0.48956 0.7799331
389.2621 0.6534338 0.4777746 0.7835402
389.2712 0.6560898 0.4663478 0.7861422
389.281 0.6568629 0.4595735 0.7859087
389.292 0.6571227 0.4528931 0.7863336
389.303 0.6568037 0.4527273 0.7826468
389.314 0.658048 0.4534348 0.7809714
389.3252 0.6588012 0.4539505 0.7783881
389.3367 0.6618013 0.4573298 0.7748536
389.3474 0.6645025 0.4573604 0.7746574
389.3586 0.6661453 0.4583104 0.7728227
389.3693 0.6674775 0.458932 0.7711894
389.3809 0.6671793 0.4606084 0.7695394
389.3921 0.6658335 0.4631998 0.7676725
389.4031 0.6645442 0.4655468 0.7665145
