402.1445 0.5785614 0.6757306 0.6598913
402.156 0.5788026 0.6756652 0.6595319
402.166 0.5786426 0.67592 0.6595182
402.1781 0.5787095 0.6758192 0.6594491
402.1888 0.5786968 0.6759942 0.6592607
402.1996 0.5787227 0.6757213 0.6594858
402.2111 0.5787877 0.6751185 0.6599419
402.2218 0.5788265 0.6744921 0.6602541
402.2338 0.5794926 0.6734334 0.660246
402.2441 0.5818079 0.6722193 0.6605529
402.256 0.5855174 0.6702564 0.6609407
402.2676 0.5907263 0.6671734 0.663104
402.2785 0.5957122 0.6636 0.6663408
402.2876 0.6014078 0.6569857 0.6721487
402.299 0.6051649 0.6502066 0.6778909
402.3101 0.6078736 0.6411684 0.6843899
402.3227 0.6107237 0.6324543 0.6900927
402.332 0.6141987 0.6212553 0.6957589
402.344 0.6186486 0.6108526 0.7019992
402.3557 0.6218789 0.6008796 0.709163
402.3658 0.6312096 0.5850741 0.7174342
402.3769 0.6400998 0.5685893 0.7262713
402.3877 0.6469038 0.5531802 0.7340003
402.3994 0.6536973 0.5364404 0.7422054
402.4106 0.6586512 0.5205978 0.7481762
402.4207 0.6619828 0.5053648 0.7528644
402.4325 0.6655363 0.4902224 0.7565008
402.4434 0.6704271 0.4750023 0.7601972
402.4544 0.675993 0.46061 0.7649496
402.4659 0.6814748 0.4476188 0.7664432
402.4798 0.6851702 0.4357932 0.7681493
402.4896 0.685366 0.4301624 0.7666533
402.4983 0.6850209 0.4250433 0.7649053
402.5084 0.6834812 0.4240098 0.761812
402.5203 0.6823152 0.4246388 0.7582321
402.5311 0.6830922 0.4260344 0.7565743
402.5439 0.684472 0.426595 0.7544821
402.5535 0.6860822 0.4285031 0.7527839
402.565 0.6862286 0.4314505 0.7501237
402.5763 0.6838405 0.4346172 0.7484275
402.5862 0.680239 0.4377505 0.7465404
402.5976 0.6731905 0.4422147 0.7441086
402.6088 0.66171 0.4463449 0.7412713
402.6198 0.6509503 0.4490694 0.7385324
402.6316 0.6379915 0.4512163 0.7355344
402.6425 0.621541 0.4540785 0.7325771
402.6533 0.6025038 0.4534853 0.7274286
402.6644 0.5834614 0.4522696 0.7224941
402.6758 0.5649637 0.4499752 0.7166947
402.6863 0.5478569 0.448431 0.7098913
402.6975 0.5312818 0.447128 0.7025084
402.7088 0.5156731 0.4488223 0.6954587
402.7202 0.5006568 0.4486417 0.688548
402.7312 0.4867952 0.4477757 0.6813769
402.7424 0.4739707 0.4468201 0.6753303
402.7529 0.4681264 0.4446434 0.6812645
402.7645 0.4637833 0.4427094 0.6799763
402.7758 0.4604348 0.4418974 0.6787788
402.7866 0.4567348 0.4438171 0.6651995
402.7973 0.4587417 0.4449109 0.6637266
402.8091 0.459682 0.4450437 0.6621776
402.8204 0.4600555 0.4440664 0.6614903
402.8311 0.4609304 0.4425775 0.6621147
402.8426 0.4613741 0.4413709 0.6621951
402.853 0.461623 0.4404965 0.6631026
402.8648 0.4625518 0.4402753 0.6642112
402.8766 0.4630683 0.4409986 0.6650608
402.887 0.4640663 0.4421596 0.6666672
402.8986 0.4642924 0.4443604 0.6684636
402.9103 0.4653698 0.4471836 0.6723998
402.922 0.4666501 0.4503947 0.6751226
402.933 0.4698214 0.4558718 0.6791413
402.9448 0.4742125 0.4637051 0.6828133
402.956 0.4803774 0.4733407 0.6869369
402.9665 0.4878538 0.4835499 0.6905207
402.9776 0.4949699 0.4940898 0.6933966
402.9886 0.502721 0.5063761 0.6952024
403.0007 0.510155 0.5187173 0.6963238
403.0114 0.5177348 0.5327008 0.6965152
403.0208 0.5245937 0.5480458 0.6938272
403.0324 0.531074 0.5636524 0.69016
403.0438 0.5369608 0.5788844 0.6857054
403.055 0.543401 0.5942813 0.6795956
403.0649 0.551102 0.6092083 0.6736808
403.0764 0.5595834 0.6229113 0.667815
403.0876 0.5688027 0.6357006 0.6631507
403.0984 0.5789075 0.6455584 0.6599938
403.1099 0.5888735 0.6526527 0.6593779
403.1213 0.597464 0.6575359 0.6618562
403.1322 0.6020359 0.6611266 0.6628574
403.144 0.6067823 0.6659232 0.663824
403.1547 0.6084296 0.6676742 0.6645556
403.1646 0.6107742 0.6676142 0.667065
403.1757 0.6126185 0.6656034 0.6692545
403.1867 0.6151074 0.6651674 0.671237
403.1978 0.6130862 0.6627539 0.6722429
403.2093 0.6097285 0.6613194 0.6732237
403.2206 0.607347 0.6594061 0.6744567
403.231 0.606947 0.6566775 0.6780927
403.2426 0.6089965 0.6528471 0.6829442
