452.8328 0.5744415 0.6309929 0.6955186
452.8436 0.5749403 0.6295171 0.6982055
452.8544 0.5751677 0.6288543 0.6986268
452.866 0.5767906 0.6275375 0.7006127
452.8767 0.5794582 0.6266385 0.7020372
452.8884 0.5820345 0.6249675 0.7041565
452.8989 0.5859713 0.6219235 0.7067381
452.91 0.5891079 0.6193726 0.7087739
452.9214 0.5940902 0.614652 0.7124779
452.9327 0.5981684 0.6104726 0.7159767
452.9439 0.603257 0.6043873 0.7211339
452.955 0.6076066 0.5988565 0.725737
452.9672 0.6120151 0.5910888 0.731961
452.9791 0.6158379 0.5825453 0.7381904
452.9884 0.6196948 0.5732849 0.7443328
452.9984 0.6236575 0.5634531 0.7494701
453.0106 0.6277766 0.5536691 0.7542677
453.024 0.6308201 0.5423285 0.7589675
453.0343 0.6328567 0.5321693 0.7630277
453.0443 0.6332197 0.5217052 0.7662255
453.0538 0.6326537 0.511578 0.7693819
453.0653 0.6331648 0.5012993 0.7725394
453.0766 0.6347442 0.4897057 0.7758765
453.0873 0.6378676 0.4774192 0.7796582
453.0985 0.641498 0.465983 0.782912
453.1105 0.6444404 0.4550457 0.7855206
453.1217 0.6474479 0.4468311 0.786545
453.139 0.6499086 0.4384903 0.7869325
453.1544 0.6530467 0.4290555 0.7859076
453.1648 0.6546057 0.425173 0.7856498
453.176 0.6555891 0.4229806 0.7852288
453.187 0.6558247 0.419978 0.7844458
453.198 0.6538023 0.421452 0.7830044
453.2091 0.6533937 0.4207671 0.7818863
453.2206 0.6522689 0.4219559 0.7807499
453.2344 0.6520103 0.4226695 0.780037
453.2444 0.6513426 0.4238591 0.7799596
453.2542 0.6501788 0.4252178 0.7797547
453.2655 0.6487364 0.4275999 0.7796108
453.2766 0.6465618 0.4302205 0.7789284
453.2872 0.6447748 0.4329392 0.7785881
453.2982 0.6424028 0.4360014 0.7775423
453.3095 0.6405856 0.4387113 0.7765152
453.3199 0.6382778 0.4402365 0.7751884
453.3314 0.634655 0.4417175 0.7740622
453.3424 0.6289647 0.4427329 0.7728407
453.3537 0.6225501 0.4438411 0.7716209
453.3646 0.6131773 0.4443351 0.7705351
453.3763 0.6027808 0.4443259 0.7687802
453.3866 0.5938938 0.4441626 0.7667329
453.3981 0.5844266 0.4426596 0.7637582
453.4097 0.5759959 0.442105 0.7608184
453.4212 0.5658394 0.4406967 0.7569862
453.4317 0.5543527 0.4398523 0.752325
453.4433 0.5423701 0.4394658 0.7468896
453.4536 0.5309619 0.4390436 0.7414884
453.4649 0.5195416 0.4382053 0.7355151
453.4758 0.5102388 0.4375916 0.7300497
453.4869 0.5018389 0.4364585 0.7251816
453.4978 0.4945967 0.4357759 0.7208684
453.5093 0.4868223 0.435509 0.7157542
453.5202 0.481425 0.4365128 0.7109969
453.5314 0.4746329 0.4365366 0.7059739
453.5431 0.4695811 0.4363803 0.7021601
453.5535 0.4653832 0.4364881 0.6987163
453.5649 0.4627813 0.4356896 0.6972247
453.5765 0.4621117 0.4354807 0.6962007
453.587 0.4620865 0.4350627 0.6961275
453.598 0.4630158 0.4349374 0.6972426
453.6093 0.4626674 0.4348937 0.69735
453.6206 0.4634877 0.4352323 0.6986851
453.6316 0.4635852 0.4358973 0.6989022
453.643 0.4644977 0.4374983 0.6991068
453.6543 0.4660125 0.4398583 0.6994286
453.6664 0.4680562 0.4421361 0.7005485
453.6786 0.4710351 0.4444362 0.7020583
453.6883 0.4735864 0.4463149 0.7035748
453.7006 0.4769875 0.4494454 0.706414
453.7112 0.4798461 0.4522637 0.7084627
453.7231 0.4830598 0.4565313 0.7110164
453.7341 0.4866125 0.4606712 0.7132841
453.7449 0.4905947 0.4662882 0.715735
453.755 0.4948721 0.4727194 0.7178177
453.7665 0.4983951 0.4783554 0.7198721
453.7781 0.5017418 0.4856871 0.7217788
453.7888 0.5051183 0.4932134 0.7235007
453.8003 0.5086091 0.5019408 0.724696
453.8116 0.5128686 0.511007 0.7249718
453.823 0.5169331 0.5209564 0.7251492
453.8397 0.5211869 0.5304602 0.725074
453.8493 0.5258001 0.5412349 0.7239484
453.8646 0.5345787 0.562496 0.7200313
453.8755 0.5394541 0.573002 0.7172306
453.8872 0.5454755 0.5832191 0.71469
453.8984 0.5521012 0.592512 0.7126399
453.9093 0.5591949 0.6019288 0.7105142
453.9203 0.5666292 0.6105409 0.7083064
453.9312 0.5733325 0.61961 0.7050164
453.9427 0.5795976 0.6284917 0.7016851
453.9534 0.5850838 0.6374097 0.6969445
453.9647 0.5904379 0.6452279 0.6923779
453.9756 0.5952072 0.6513393 0.6893777
453.9865 0.5996472 0.6567099 0.6870981
453.9973 0.6037346 0.6604833 0.6857273
454.0089 0.6082818 0.6650093 0.6835996
454.0197 0.6106721 0.6682148 0.6816386
454.0313 0.6121221 0.6722103 0.6778589
454.0423 0.6132393 0.6759824 0.6747012
454.054 0.6130129 0.6789553 0.6719494
454.0639 0.6133723 0.6794998 0.6710874
454.075 0.6144869 0.6784477 0.6722415
454.0859 0.615792 0.6766837 0.6731902
454.0974 0.6167602 0.6743831 0.6751208
454.1088 0.6170539 0.6727476 0.6758759
454.12 0.6157415 0.6699879 0.6782606
454.1306 0.6135086 0.667393 0.680482
454.1432 0.6118857 0.6651985 0.6826215
454.1538 0.6098069 0.6627985 0.6847835
