73.14012 0.458375 0.6210697 0.5747535
73.15125 0.460579 0.6231015 0.5719213
73.1629 0.4657981 0.6229976 0.5772011
73.17435 0.4713819 0.6229078 0.5814469
73.18521 0.4783384 0.6221767 0.5876237
73.19598 0.4851196 0.6214541 0.5933053
73.20731 0.4946962 0.6205987 0.6005083
73.22023 0.505078 0.6202867 0.6065515
73.23228 0.5162538 0.6203308 0.6123656
73.24084 0.5268767 0.619891 0.6176338
73.25032 0.5399668 0.6196605 0.6232408
73.26118 0.554377 0.6189039 0.629306
73.27211 0.5679722 0.617879 0.6353534
73.28365 0.5845325 0.6164157 0.6415032
73.29469 0.5995999 0.6149196 0.6471623
73.30585 0.61619 0.6132872 0.6527641
73.31641 0.6322913 0.6116537 0.6579541
73.32809 0.650068 0.6098324 0.6614019
73.33846 0.6676177 0.6075978 0.6647424
73.3501 0.6722503 0.6133332 0.6702062
73.36164 0.696426 0.6070703 0.6685857
73.37342 0.7189642 0.6000991 0.6703477
73.38519 0.7331703 0.596719 0.671542
73.39439 0.7472931 0.5922472 0.6738846
73.40574 0.7579499 0.5889107 0.673227
73.41661 0.7677329 0.5859647 0.6717122
73.42768 0.7773588 0.5830411 0.6692056
73.43866 0.7837377 0.5806531 0.6653449
73.44992 0.7919506 0.5777884 0.6626191
73.46101 0.7967573 0.5736802 0.6602741
73.47206 0.7996061 0.569354 0.6596484
73.48361 0.7970774 0.565248 0.6599596
73.49472 0.7936636 0.5624512 0.6602332
73.5054 0.781603 0.5595866 0.6605161
73.51675 0.7681367 0.5575551 0.660468
73.52821 0.7554952 0.5542741 0.6600028
73.53879 0.7401811 0.5500408 0.6604556
73.54987 0.7236928 0.5443241 0.6623772
73.56163 0.7054049 0.538048 0.6653872
73.57197 0.6878096 0.5326213 0.6663023
73.58319 0.6679993 0.5271235 0.6647282
73.59483 0.6492152 0.5221762 0.6601041
73.60564 0.6312722 0.5169476 0.6549233
73.61713 0.6118899 0.5114636 0.6470875
73.6291 0.5903894 0.5053056 0.6388494
73.6395 0.567934 0.498948 0.6272624
73.65114 0.5463404 0.4920385 0.6161222
73.66281 0.5263767 0.4848495 0.6026702
73.6738 0.5084207 0.4774833 0.5903356
73.68581 0.4919552 0.4692622 0.5788364
73.69765 0.4748255 0.4603462 0.567295
73.70672 0.4582893 0.4515237 0.5554066
73.71735 0.4415387 0.4423414 0.5430784
73.72845 0.4284978 0.4349466 0.5325875
73.73931 0.4191401 0.4290555 0.5244551
73.75109 0.4111627 0.4234991 0.5177401
73.76173 0.4128057 0.421569 0.5177048
73.77306 0.4170887 0.4204081 0.5207943
73.78457 0.4208439 0.4193634 0.5231967
73.79545 0.4294721 0.4205736 0.5294924
73.80658 0.4410259 0.4228664 0.5374662
73.81739 0.4558062 0.4268175 0.5471092
73.829 0.4716986 0.430367 0.5572181
73.8392 0.4903145 0.4353439 0.5681035
73.85065 0.5067735 0.4386924 0.5778893
73.86167 0.5277691 0.4432898 0.5889933
73.87292 0.5487288 0.4464958 0.5996803
73.88381 0.5707904 0.4490982 0.6110876
73.8954 0.5915648 0.4501631 0.6218328
73.90638 0.6140254 0.4497367 0.6321185
73.9173 0.6365259 0.4495895 0.6403865
73.92874 0.6580155 0.4487888 0.647027
73.93956 0.6781967 0.4478807 0.6516186
73.95087 0.6978179 0.4469469 0.6559899
73.96181 0.7167877 0.4447914 0.6581414
73.9728 0.736287 0.4417664 0.6609942
73.98481 0.7539018 0.4392138 0.6622812
73.99769 0.7693996 0.4368056 0.6621317
74.00909 0.782092 0.4355418 0.6617777
74.01793 0.7917 0.4344776 0.6611506
74.02784 0.7970911 0.4345398 0.6609039
74.03853 0.7981578 0.4345109 0.66142
74.0498 0.7992265 0.4341127 0.6632305
74.06093 0.7968262 0.4340126 0.6647857
74.07183 0.7971198 0.4331494 0.6658542
74.08298 0.7921643 0.4334956 0.6676515
74.09451 0.7878701 0.4321738 0.6683702
74.10593 0.7833021 0.4318935 0.6690617
74.11668 0.7788144 0.4320823 0.6697054
74.12814 0.776116 0.4317914 0.669134
74.14059 0.7731857 0.4323345 0.6683255
74.15027 0.7707762 0.4324445 0.6674349
74.16109 0.769336 0.4325684 0.6669328
