97.09879 0.4345751 0.6097932 0.5796898
97.1088 0.43747 0.6108169 0.5834197
97.12023 0.4388635 0.6099765 0.5864993
97.13145 0.4420038 0.6099465 0.5881691
97.14266 0.4464999 0.6105021 0.5914592
97.1534 0.4524615 0.6104428 0.5942317
97.1655 0.4598641 0.6118383 0.5966654
97.17832 0.4686592 0.6122593 0.6005166
97.19177 0.48068 0.6129981 0.6054877
97.2069 0.5101525 0.615535 0.6162133
97.21809 0.5277758 0.6151414 0.6247063
97.22903 0.5449073 0.6151576 0.6316503
97.24016 0.5638041 0.6154678 0.6380867
97.25199 0.5821037 0.6148649 0.6448444
97.26279 0.6026117 0.6149184 0.6513298
97.2735 0.6224496 0.6142156 0.6572382
97.28502 0.6440517 0.6139374 0.6587453
97.29644 0.6635828 0.6146488 0.6599671
97.30678 0.6828966 0.6151813 0.6598656
97.31817 0.7027258 0.6167767 0.6558007
97.33099 0.7230834 0.6154292 0.6552228
97.34408 0.7433341 0.6133782 0.6530365
97.35401 0.7642081 0.6112241 0.649565
97.36297 0.7836516 0.6075369 0.6480058
97.37302 0.8006678 0.6041815 0.6428995
97.38486 0.8146067 0.6021503 0.639335
97.39573 0.8242965 0.6007565 0.6354889
97.40688 0.830197 0.5996139 0.6318989
97.41778 0.8362752 0.597122 0.6286882
97.4297 0.8357736 0.5949821 0.6267544
97.44003 0.8347603 0.5928233 0.6213741
97.4509 0.8304911 0.5918209 0.6182603
97.46227 0.8241597 0.5914838 0.6156224
97.47383 0.8116847 0.5911089 0.6145029
97.48722 0.7998055 0.5893475 0.6159866
97.49952 0.7835645 0.5836627 0.6246738
97.50916 0.7641477 0.5798578 0.6284755
97.51833 0.7444838 0.5746378 0.6340187
97.52874 0.723333 0.5706587 0.636424
97.53976 0.718536 0.5643112 0.6313998
97.55081 0.6960857 0.5587244 0.6285399
97.56259 0.6770302 0.5556012 0.6284083
97.57378 0.6552411 0.5486664 0.6240352
97.58434 0.6343966 0.5429143 0.6201234
97.59572 0.61576 0.5363654 0.614743
97.60688 0.596841 0.5282295 0.608046
97.6177 0.5791334 0.5212218 0.6024624
97.62916 0.5615718 0.5116329 0.5959298
97.63995 0.5449267 0.5036231 0.5895494
97.65137 0.529081 0.4944361 0.5817308
97.66234 0.5139994 0.4852642 0.5726306
97.67332 0.5025862 0.4778753 0.5653334
97.68424 0.4913001 0.4693832 0.5583637
97.69579 0.4820557 0.4623494 0.5544508
97.70676 0.4712452 0.4540237 0.5481446
97.71777 0.4657577 0.4479925 0.5436039
97.72926 0.4616815 0.4431032 0.5396984
97.73973 0.4584036 0.4385572 0.5366394
97.75132 0.4600439 0.4355752 0.5356733
97.76241 0.464193 0.4346336 0.5365121
97.77316 0.470883 0.4342307 0.53873
97.78485 0.4777758 0.4352431 0.5424342
97.79568 0.4894259 0.4363078 0.5480486
97.80662 0.5030764 0.437827 0.5549598
97.81778 0.5195405 0.4386777 0.5718052
97.82917 0.5399598 0.4415162 0.5825706
97.83946 0.5543322 0.446519 0.582145
97.8513 0.5738138 0.4499018 0.5908437
97.86198 0.5935555 0.4534468 0.5983968
97.87338 0.6125174 0.4556284 0.6066612
97.88445 0.6360607 0.4571959 0.6156477
97.89575 0.6565174 0.4579383 0.6234384
97.90733 0.6800724 0.459888 0.6299267
97.9187 0.7006561 0.4598018 0.6345905
97.9298 0.7218029 0.4597977 0.6361664
97.94172 0.7421967 0.4595395 0.6386251
97.95512 0.7613929 0.4569601 0.6381105
97.96815 0.7774401 0.4553511 0.6381513
97.97728 0.7896927 0.4536684 0.636343
97.98543 0.7973484 0.4542295 0.635156
97.99549 0.8062051 0.4540107 0.6328285
98.00658 0.8095255 0.4548085 0.6297013
98.01798 0.8136587 0.4535393 0.6276905
98.02866 0.8163159 0.4512097 0.6265626
98.04041 0.8203344 0.4493276 0.6257084
98.05095 0.8193169 0.4482486 0.6264176
98.06199 0.8152104 0.4487551 0.6271285
98.07284 0.8088202 0.4508097 0.6292545
98.08419 0.8025004 0.4540754 0.6320957
98.09602 0.7979615 0.4559871 0.6332814
98.11201 0.7940041 0.456874 0.6337003
98.12994 0.7903204 0.457716 0.6340252
98.13976 0.788415 0.4582165 0.6343327
