119.242 0.4623166 0.6183565 0.5851114
119.2535 0.4634208 0.6175274 0.5871868
119.265 0.4642218 0.6193721 0.5852349
119.2778 0.4664984 0.6172796 0.5906741
119.2899 0.4684789 0.6170369 0.5937654
119.2984 0.4714982 0.6171182 0.5952769
119.3084 0.4754242 0.6173749 0.5965058
119.32 0.4850729 0.6181093 0.5982061
119.3306 0.499234 0.6185898 0.6017563
119.3428 0.5177969 0.6184509 0.6080919
119.3529 0.5361913 0.618093 0.6145855
119.3645 0.5564302 0.6169072 0.6226422
119.3747 0.576333 0.6161337 0.6298031
119.3865 0.593775 0.6158929 0.6343696
119.3973 0.6145085 0.6161631 0.6374876
119.4086 0.6332908 0.6159291 0.6408285
119.4202 0.6551196 0.6149682 0.6437765
119.4327 0.6785429 0.6130379 0.6468245
119.4453 0.7017632 0.6103441 0.6503618
119.4542 0.7264983 0.6051241 0.6546229
119.464 0.7516068 0.5983977 0.6573306
119.4753 0.7742015 0.5919937 0.6566978
119.4861 0.794134 0.5875271 0.6550931
119.4977 0.8067765 0.5858723 0.649444
119.5082 0.8156998 0.5858256 0.6441271
119.5194 0.8201113 0.5849088 0.6394133
119.5305 0.8255364 0.5817328 0.6377785
119.5418 0.8285849 0.5778283 0.6371824
119.5526 0.8304177 0.5734441 0.636737
119.5639 0.824441 0.5713465 0.6365941
119.576 0.8133799 0.569605 0.6363079
119.5882 0.8022384 0.5694548 0.6361465
119.6014 0.7808396 0.5691311 0.6364816
119.6101 0.7646958 0.5676104 0.6372868
119.6194 0.743661 0.5650082 0.6394687
119.6302 0.72159 0.5613077 0.6433182
119.6416 0.7010323 0.557618 0.6462926
119.6523 0.6780688 0.5533221 0.6495101
119.6639 0.6558386 0.5486299 0.6509036
119.6747 0.6350095 0.5429434 0.650411
119.6859 0.6148021 0.5374299 0.648394
119.6973 0.5953819 0.5308853 0.6436687
119.7079 0.5765678 0.5243194 0.6391518
119.7192 0.5569255 0.5168294 0.6321872
119.7306 0.5363771 0.509194 0.6255872
119.7428 0.5148617 0.5009783 0.6163828
119.7549 0.4940352 0.4928848 0.6063842
119.7635 0.4743176 0.4831371 0.5964479
119.7747 0.4592061 0.4747517 0.5881966
119.7857 0.4437129 0.4664828 0.5804493
119.7969 0.434179 0.4600534 0.5743226
119.8082 0.4255906 0.4548666 0.5692708
119.8193 0.4200094 0.4508252 0.5653147
119.8304 0.4122147 0.4458233 0.5610588
119.8411 0.4101797 0.4425142 0.5596461
119.8522 0.4097264 0.4393258 0.5596851
119.864 0.4129942 0.4378967 0.5619529
119.8744 0.4190547 0.4376102 0.5651104
119.8861 0.423875 0.4370539 0.5681844
119.8971 0.4345859 0.438808 0.5740838
119.9083 0.4465802 0.4406621 0.5804408
119.9193 0.4616377 0.4439682 0.5879349
119.9303 0.4781002 0.4469636 0.5958596
119.9413 0.4942142 0.4495654 0.6033233
119.9522 0.5143893 0.4528784 0.612517
119.9639 0.5358791 0.4556598 0.6226661
119.9749 0.5586566 0.4575335 0.6333672
119.9862 0.581971 0.4584215 0.6444318
119.9975 0.6052299 0.4589543 0.6528858
120.0088 0.6264152 0.4594318 0.6597903
120.0195 0.6490451 0.4595428 0.6640856
120.0311 0.6695964 0.4590321 0.6684319
120.0422 0.6901119 0.4589409 0.6674947
120.0556 0.7100222 0.4579012 0.6684119
120.0679 0.7303258 0.4557115 0.668555
120.0777 0.7490461 0.4521336 0.6678654
120.0861 0.7666392 0.4490739 0.6676766
120.0968 0.7777194 0.4454359 0.6668851
120.1077 0.7847298 0.4431504 0.667666
120.1188 0.7876344 0.441427 0.6678888
120.1301 0.7933213 0.4404849 0.6694711
120.1413 0.7938161 0.4394763 0.6700751
120.1522 0.7952913 0.4388176 0.6708051
120.1634 0.7961378 0.4393337 0.6715707
120.1747 0.7944844 0.4390402 0.6720756
120.1858 0.7928501 0.4384671 0.6728199
120.1976 0.7912242 0.4383154 0.6735873
120.2111 0.7884078 0.4392042 0.6744864
120.2235 0.7853993 0.4404365 0.6745358
120.2325 0.7830917 0.4420895 0.674323
120.2411 0.7812105 0.4437007 0.6735574
