148.521 0.4748982 0.6196691 0.5403333
148.535 0.4752289 0.6193787 0.5408554
148.5439 0.476753 0.6180522 0.5455084
148.5533 0.4775835 0.6188266 0.5444772
148.5633 0.483596 0.6193813 0.5474837
148.5743 0.4892981 0.6200307 0.5499941
148.5856 0.4991021 0.6203806 0.5540839
148.5965 0.5076714 0.6203668 0.5584233
148.6085 0.5226148 0.619499 0.5657438
148.6186 0.5335823 0.6186671 0.5718021
148.6302 0.5487713 0.6175247 0.5795861
148.6405 0.5624294 0.6161948 0.5865678
148.6525 0.57888 0.6148207 0.5931802
148.665 0.5974602 0.6139013 0.5972778
148.678 0.612193 0.6126851 0.6015732
148.6907 0.631702 0.6122239 0.6027848
148.7088 0.6696281 0.6090196 0.6074619
148.7186 0.6885685 0.6069347 0.6109107
148.7299 0.7079141 0.6044589 0.6135209
148.7405 0.7279619 0.6011761 0.615896
148.752 0.746697 0.5977469 0.6166481
148.7634 0.7665011 0.5940382 0.616161
148.7745 0.7847137 0.5904601 0.615133
148.7854 0.8010325 0.5873113 0.6132296
148.797 0.8151715 0.5849059 0.6110435
148.8074 0.8231357 0.5837803 0.6078368
148.8191 0.8317829 0.5824962 0.6073445
148.8323 0.8327846 0.5810594 0.6051664
148.8458 0.8379695 0.5796172 0.6040939
148.8558 0.8385951 0.577685 0.601873
148.8663 0.8375347 0.5757831 0.600731
148.8754 0.8363692 0.5737061 0.5992863
148.8853 0.8308242 0.5716624 0.6001126
148.8967 0.8229474 0.5689942 0.6022485
148.9075 0.8131481 0.5662383 0.604787
148.919 0.8003269 0.5641996 0.6073818
148.9299 0.7854416 0.5625833 0.6092481
148.9407 0.7707849 0.5609425 0.6105705
148.9517 0.7528759 0.5592254 0.6111691
148.9635 0.7344814 0.5564871 0.6116086
148.9744 0.7156788 0.5526224 0.6119446
148.9853 0.6983134 0.5490981 0.6126437
148.9965 0.6778823 0.5440564 0.6121209
149.0078 0.6575868 0.5390753 0.6110237
149.0186 0.6357512 0.5335866 0.6087703
149.0306 0.6161965 0.5280354 0.6051641
149.0408 0.5962002 0.5222075 0.5997771
149.0517 0.5780049 0.5157571 0.5932181
149.0629 0.5610391 0.5088605 0.5872985
149.0743 0.5425932 0.5009199 0.5811014
149.0851 0.5249032 0.4930624 0.5751856
149.0964 0.506239 0.4849578 0.5685725
149.1077 0.4905438 0.4772769 0.5622649
149.1182 0.4758379 0.4694586 0.5561177
149.1301 0.4637658 0.4623426 0.5506516
149.1404 0.4512771 0.455414 0.5450156
149.1517 0.4412331 0.4495007 0.5395294
149.1623 0.4347844 0.445308 0.5345249
149.1737 0.426956 0.4404283 0.5307744
149.1845 0.4229569 0.4360823 0.5285606
149.196 0.4188824 0.4313947 0.5269983
149.2069 0.4196035 0.4279657 0.5283612
149.218 0.4228718 0.4254063 0.5310424
149.2296 0.4259763 0.4228441 0.5330282
149.2402 0.4342057 0.4222171 0.5376021
149.2514 0.445 0.4226551 0.5432631
149.263 0.4577084 0.4240783 0.5500256
149.2736 0.4664291 0.4267773 0.5570229
149.2861 0.4835955 0.4298487 0.5654546
149.2985 0.4949839 0.431547 0.5676556
149.3113 0.5126424 0.434159 0.5762919
149.3205 0.5309173 0.4362368 0.5852845
149.3295 0.5488093 0.4378708 0.5940946
149.3411 0.5689241 0.4388913 0.60325
149.3519 0.5898331 0.4397889 0.6116783
149.3622 0.6115285 0.440391 0.6194369
149.3731 0.6331547 0.4396214 0.6265519
149.3848 0.6550038 0.4385549 0.6328861
149.3962 0.675231 0.436371 0.6386151
149.4073 0.6966028 0.4334672 0.6428748
149.4183 0.717148 0.4301375 0.6455163
149.4297 0.7364765 0.4273435 0.6466521
149.4409 0.7544689 0.424434 0.6454049
149.4546 0.771705 0.4212841 0.6431258
149.4668 0.7870381 0.4173473 0.6406356
149.4764 0.8018684 0.4137759 0.6400468
149.4857 0.8145539 0.4091228 0.6389298
149.4964 0.8220888 0.4069065 0.6396486
149.5075 0.8234873 0.4056023 0.6393516
149.5178 0.8228443 0.4060312 0.6387734
149.5295 0.8200499 0.4069642 0.6377986
149.541 0.8207517 0.4038101 0.6364802
149.5515 0.8201638 0.4023443 0.6361646
149.5623 0.8200468 0.4011514 0.6360909
149.5736 0.8202451 0.4001764 0.6358694
149.5844 0.8190709 0.3991992 0.6360519
149.5962 0.8175991 0.3988071 0.6356189
149.6086 0.8166155 0.3980889 0.6349658
